  -5.00000     0.00000
  -4.75000     0.00000
  -4.50000     0.00000
  -4.25000     0.00000
  -4.00000     0.00011
  -3.75000     0.00100
  -3.50000     0.00156
  -3.25000     0.00323
  -3.00000     0.00813
  -2.75000     0.01537
  -2.50000     0.02618
  -2.25000     0.06372
  -2.00000     0.10272
  -1.75000     0.16544
  -1.50000     0.29378
  -1.25000     0.38268
  -1.00000     0.50801
  -0.75000     0.74274
  -0.50000     0.80034
  -0.25000     0.88623
   0.00000     1.06838
   0.25000     0.94271
   0.50000     0.89771
   0.75000     0.89292
   1.00000     0.64214
   1.25000     0.50768
   1.50000     0.41499
   1.75000     0.25055
   2.00000     0.16521
   2.25000     0.11564
   2.50000     0.05927
   2.75000     0.03376
   3.00000     0.01961
   3.25000     0.00724
   3.50000     0.00390
   3.75000     0.00223
   4.00000     0.00056
   4.25000     0.00067
   4.50000     0.00011
   4.75000     0.00000
   5.00000     0.00000
