  -5.00000     0.00000
  -4.75000     0.00000
  -4.50000     0.00011
  -4.25000     0.00000
  -4.00000     0.00011
  -3.75000     0.00055
  -3.50000     0.00099
  -3.25000     0.00286
  -3.00000     0.00693
  -2.75000     0.01463
  -2.50000     0.03158
  -2.25000     0.05402
  -2.00000     0.11080
  -1.75000     0.17176
  -1.50000     0.25978
  -1.25000     0.37135
  -1.00000     0.59196
  -0.75000     0.65116
  -0.50000     0.79486
  -0.25000     1.01613
   0.00000     0.96486
   0.25000     0.96221
   0.50000     0.89003
   0.75000     0.88761
   1.00000     0.65512
   1.25000     0.51483
   1.50000     0.41955
   1.75000     0.24812
   2.00000     0.16428
   2.25000     0.10365
   2.50000     0.07119
   2.75000     0.03323
   3.00000     0.01518
   3.25000     0.01012
   3.50000     0.00363
   3.75000     0.00132
   4.00000     0.00121
   4.25000     0.00055
   4.50000     0.00011
   4.75000     0.00011
   5.00000     0.00000
