  51      11.81
  52      11.23
  53      10.68
  54      10.16
  55      11.81
  56      11.23
  57      10.68
  58      10.16
  59      11.81
  60      11.23
  61      10.68
  62      11.23
  63      10.68
  64      10.16
  65      10.68
  66      10.16
  67       9.67
  68      10.16
  69       9.67
  70      10.16
  71       9.67
  72       9.19
  73       9.67
  74       9.19
  75       9.67
  76       9.19
  77       9.67
  78       9.19
  79       8.75
  80      10.16
  81       9.67
  82      11.23
  83      11.81
  84      11.23
  85      10.68
  86      11.23
  87      10.68
  88      10.16
  89      10.68
  90      10.16
  91      10.68
  92      10.16
  93      10.68
  94      11.23
  95      10.68
  96      11.23
  97      11.81
  98      12.41
  99      13.05
 100      12.41
 101      11.81
 102      12.41
 103      11.81
 104      12.41
 105      13.05
 106      12.41
 107      11.81
 108      18.52
 109      19.46
 110      18.52
 111      19.46
 112      18.52
 113      19.46
 114      18.52
 115      19.46
 116      18.52
 117      17.61
 118      16.75
 119      17.61
 120      16.75
 121      15.94
 122      15.16
 123      14.42
 124      15.16
 125      14.42
 126      13.72
 127      13.05
 128      12.41
 129      11.81
 130      12.41
 131      11.81
 132      12.41
 133      13.05
 134      13.72
 135      13.05
 136      13.72
 137      13.05
 138      13.72
 139      13.05
 140      13.72
 141      13.05
 142      12.41
 143      13.05
 144      12.41
 145      11.81
 146      11.23
 147      13.05
 148      13.72
 149      14.42
 150      13.72
 151      14.42
 152      13.72
 153      14.42
 154      13.72
 155      14.42
 156      15.16
 157      17.61
 158      16.75
 159      17.61
 160      16.75
 161      15.94
 162      16.75
 163      15.94
 164      15.16
 165      17.61
 166      16.75
 167      15.94
 168      16.75
 169      15.94
 170      16.75
 171      15.94
 172      15.16
 173      17.61
 174      18.52
 175      17.61
 176      18.52
 177      17.61
 178      16.75
 179      17.61
 180      16.75
 181      15.94
 182      16.75
 183      15.94
 184      15.16
 185      14.42
 186      13.72
 187      13.05
 188      13.72
 189      14.42
 190      13.72
 191      14.42
 192      20.46
 193      21.51
 194      22.61
 195      21.51
 196      20.46
 197      21.51
 198      22.61
 199      21.51
 200      24.99
 201      23.77
 202      24.99
 203      23.77
 204      24.99
 205      26.27
 206      27.62
 207      29.04
 208      27.62
 209      26.27
 210      27.62
 211      26.27
 212      24.99
 213      23.77
 214      22.61
 215      21.51
 216      24.99
 217      23.77
 218      22.61
 219      23.77
 220      22.61
 221      23.77
 222      22.61
 223      21.51
 224      20.46
 225      23.77
 226      22.61
 227      21.51
 228      20.46
 229      21.51
 230      22.61
 231      21.51
 232      24.99
 233      23.77
 234      22.61
 235      23.77
 236      27.62
 237      26.27
 238      24.99
 239      26.27
 240      24.99
 241      23.77
 242      22.61
 243      23.77
 244      22.61
 245      21.51
 246      22.61
 247      23.77
 248      22.61
 249      21.51
 250      22.61
 251      21.51
 252      20.46
 253      19.46
 254      18.52
 255      17.61
 256      18.52
 257      17.61
 258      16.75
 259      17.61
 260      16.75
 261      15.94
 262      15.16
 263      14.42
 264      15.16
 265      14.42
 266      18.52
 267      19.46
 268      18.52
 269      17.61
 270      18.52
 271      17.61
 272      16.75
 273      17.61
 274      18.52
 275      19.46
 276      18.52
 277      17.61
 278      18.52
 279      17.61
 280      18.52
 281      17.61
 282      18.52
 283      17.61
 284      18.52
 285      19.46
 286      18.52
 287      17.61
 288      16.75
 289      17.61
 290      16.75
 291      15.94
 292      15.16
 293      14.42
 294      15.16
 295      14.42
 296      13.72
 297      15.94
 298      15.16
 299      14.42
 300      13.72
 301      14.42
 302      15.16
 303      17.61
 304      16.75
 305      15.94
 306      16.75
 307      15.94
 308      15.16
 309      14.42
 310      13.72
 311      14.42
 312      13.72
 313      14.42
 314      13.72
 315      13.05
 316      12.41
 317      11.81
 318      11.23
 319      11.81
 320      11.23
 321      10.68
 322      11.23
 323      10.68
 324      11.23
 325      10.68
 326      11.23
 327      10.68
 328      11.23
 329      11.81
 330      11.23
 331      11.81
 332      11.23
 333      10.68
 334      10.16
 335      10.68
 336      10.16
 337      10.68
 338      11.23
 339      11.81
 340      11.23
 341      11.81
 342      11.23
 343      11.81
 344      11.23
 345      11.81
 346      11.23
 347      11.81
 348      11.23
 349      10.68
 350      10.16
 351      10.68
 352      11.23
 353      10.68
 354      10.16
 355      11.81
 356      12.41
 357      19.46
 358      18.52
 359      17.61
 360      22.61
 361      23.77
 362      22.61
 363      21.51
 364      22.61
 365      21.51
 366      24.99
 367      23.77
 368      24.99
 369      23.77
 370      22.61
 371      21.51
 372      22.61
 373      23.77
 374      24.99
 375      26.27
 376      30.53
 377      29.04
 378      33.74
 379      35.47
 380      33.74
 381      35.47
 382      37.29
 383      35.47
 384      33.74
 385      35.47
 386      33.74
 387      35.47
 388      33.74
 389      32.09
 390      30.53
 391      29.04
 392      30.53
 393      29.04
 394      30.53
 395      29.04
 396      27.62
 397      26.27
 398      24.99
 399      26.27
 400      24.99
 401      23.77
 402      24.99
 403      23.77
 404      24.99
 405      23.77
 406      24.99
 407      23.77
 408      24.99
 409      23.77
 410      22.61
 411      21.51
 412      22.61
 413      21.51
 414      22.61
 415      21.51
 416      22.61
 417      21.51
 418      24.99
 419      23.77
 420      24.99
 421      23.77
 422      24.99
 423      23.77
 424      22.61
 425      26.27
 426      24.99
 427      23.77
 428      24.99
 429      23.77
 430      24.99
 431      26.27
 432      24.99
 433      26.27
 434      27.62
 435      29.04
 436      27.62
 437      29.04
 438      27.62
 439      26.27
 440      24.99
 441      26.27
 442      24.99
 443      23.77
 444      22.61
 445      23.77
 446      24.99
 447      26.27
 448      24.99
 449      26.27
 450      27.62
 451      26.27
 452      27.62
 453      26.27
 454      27.62
 455      32.09
 456      30.53
 457      29.04
 458      30.53
 459      29.04
 460      27.62
 461      29.04
 462      30.53
 463      29.04
 464      27.62
 465      26.27
 466      24.99
 467      26.27
 468      24.99
 469      23.77
 470      24.99
 471      23.77
 472      24.99
 473      26.27
 474      24.99
 475      29.04
 476      30.53
 477      29.04
 478      33.74
 479      32.09
 480      33.74
 481      35.47
 482      37.29
 483      35.47
 484      37.29
 485      35.47
 486      37.29
 487      35.47
 488      41.21
 489      39.20
 490      37.29
 491      39.20
 492      37.29
 493      35.47
 494      33.74
 495      35.47
 496      33.74
 497      32.09
 498      30.53
 499      29.04
 500      27.62
 501      26.27
 502      27.62
 503      26.27
 504      24.99
 505      23.77
 506      24.99
 507      23.77
 508      24.99
 509      23.77
 510      24.99
 511      26.27
 512      24.99
 513      23.77
 514      22.61
 515      21.51
 516      20.46
 517      19.46
 518      20.46
 519      19.46
 520      18.52
 521      19.46
 522      18.52
 523      17.61
 524      16.75
 525      15.94
 526      15.16
 527      15.94
 528      15.16
 529      14.42
 530      15.16
 531      15.94
 532      15.16
 533      15.94
 534      15.16
 535      15.94
 536      15.16
 537      14.42
 538      15.16
 539      14.42
 540      13.72
 541      14.42
 542      13.72
 543      13.05
 544      12.41
 545      13.05
 546      12.41
 547      11.81
 548      12.41
 549      11.81
 550      12.41
 551      11.81
 552      11.23
 553      11.81
 554      11.23
 555      13.05
 556      13.72
 557      13.05
 558      13.72
 559      14.42
 560      13.72
 561      13.05
 562      13.72
 563      13.05
 564      12.41
 565      11.81
 566      12.41
 567      11.81
 568      11.23
 569      11.81
 570      11.23
 571      11.81
 572      11.23
 573      11.81
 574      12.41
 575      13.05
 576      12.41
 577      11.81
 578      12.41
 579      11.81
 580      11.23
 581      11.81
 582      12.41
 583      11.81
 584      11.23
 585      10.68
 586      11.23
 587      14.42
 588      15.16
 589      15.94
 590      16.75
 591      17.61
 592      16.75
 593      17.61
 594      16.75
 595      17.61
 596      16.75
 597      15.94
 598      16.75
 599      15.94
 600      15.16
 601      14.42
 602      13.72
 603      14.42
 604      13.72
 605      13.05
 606      12.41
 607      14.42
 608      15.16
 609      14.42
 610      13.72
 611      14.42
 612      20.46
 613      19.46
 614      18.52
 615      19.46
 616      18.52
 617      17.61
 618      16.75
 619      19.46
 620      18.52
 621      19.46
 622      18.52
 623      17.61
 624      16.75
 625      17.61
 626      16.75
 627      17.61
 628      16.75
 629      15.94
 630      15.16
 631      14.42
 632      15.16
 633      14.42
 634      13.72
 635      13.05
 636      12.41
 637      13.05
 638      13.72
 639      13.05
 640      16.75
 641      15.94
 642      18.52
 643      17.61
 644      16.75
 645      17.61
 646      16.75
 647      17.61
 648      16.75
 649      17.61
 650      16.75
 651      15.94
 652      15.16
 653      21.51
 654      22.61
 655      21.51
 656      20.46
 657      21.51
 658      20.46
 659      19.46
 660      18.52
 661      19.46
 662      20.46
 663      19.46
 664      18.52
 665      17.61
 666      16.75
 667      15.94
 668      16.75
 669      15.94
 670      15.16
 671      14.42
 672      13.72
 673      13.05
 674      12.41
 675      15.94
 676      16.75
 677      17.61
 678      16.75
 679      15.94
 680      15.16
 681      17.61
 682      16.75
 683      17.61
 684      16.75
 685      17.61
 686      16.75
 687      17.61
 688      18.52
 689      17.61
 690      16.75
 691      17.61
 692      16.75
 693      15.94
 694      15.16
 695      15.94
 696      15.16
 697      15.94
 698      15.16
 699      14.42
 700      15.16
 701      14.42
 702      13.72
 703      13.05
 704      13.72
 705      15.94
 706      16.75
 707      17.61
 708      18.52
 709      17.61
 710      16.75
 711      15.94
 712      16.75
 713      15.94
 714      15.16
 715      14.42
 716      13.72
 717      13.05
 718      12.41
 719      13.05
 720      13.72
 721      14.42
 722      13.72
 723      14.42
 724      15.16
 725      15.94
 726      15.16
 727      14.42
 728      15.16
 729      15.94
 730      16.75
 731      17.61
 732      16.75
 733      15.94
 734      15.16
 735      15.94
 736      15.16
 737      14.42
 738      15.16
 739      15.94
 740      15.16
 741      14.42
 742      13.72
 743      13.05
 744      15.16
 745      14.42
 746      13.72
 747      14.42
 748      13.72
 749      13.05
 750      13.72
 751      13.05
 752      12.41
 753      13.05
 754      13.72
 755      13.05
 756      13.72
 757      13.05
 758      15.16
 759      14.42
 760      15.16
 761      14.42
 762      13.72
 763      15.94
 764      15.16
 765      14.42
 766      13.72
 767      14.42
 768      15.16
 769      14.42
 770      13.72
 771      13.05
 772      12.41
 773      11.81
 774      11.23
 775      11.81
 776      11.23
 777      10.68
 778      10.16
 779      13.05
 780      15.16
 781      14.42
 782      15.16
 783      14.42
 784      13.72
 785      13.05
 786      12.41
 787      13.05
 788      12.41
 789      13.05
 790      12.41
 791      13.05
 792      12.41
 793      13.05
 794      12.41
 795      11.81
 796      12.41
 797      11.81
 798      11.23
 799      10.68
 800      11.23
 801      10.68
 802      10.16
 803      11.81
 804      11.23
 805      11.81
 806      11.23
 807      11.81
 808      11.23
 809      11.81
 810      11.23
 811      10.68
 812      10.16
 813      10.68
 814      10.16
 815       9.67
 816       9.19
 817       9.67
 818       9.19
 819       8.75
 820       9.19
 821       9.67
 822       9.19
 823      10.68
 824      11.23
 825      11.81
 826      11.23
 827      11.81
 828      13.72
 829      13.05
 830      12.41
 831      13.05
 832      12.41
 833      14.42
 834      13.72
 835      13.05
 836      13.72
 837      13.05
 838      13.72
 839      13.05
 840      12.41
 841      11.81
 842      12.41
 843      11.81
 844      13.72
 845      14.42
 846      15.16
 847      14.42
 848      13.72
 849      13.05
 850      12.41
 851      13.05
 852      12.41
 853      11.81
 854      11.23
 855      10.68
 856      10.16
 857      10.68
 858      11.23
 859      10.68
 860      10.16
 861       9.67
 862      11.23
 863      11.81
 864      11.23
 865      10.68
 866      10.16
 867      10.68
 868      10.16
 869       9.67
 870       9.19
 871      10.68
 872      11.23
 873      10.68
 874      11.23
 875      10.68
 876      12.41
 877      11.81
 878      11.23
 879      11.81
 880      11.23
 881      10.68
 882      10.16
 883      10.68
 884      10.16
 885       9.67
 886       9.19
 887       8.75
 888       9.19
 889      13.05
 890      12.41
 891      11.81
 892      11.23
 893      11.81
 894      11.23
 895      10.68
 896      10.16
 897       9.67
 898       9.19
 899       9.67
 900      10.16
 901       9.67
 902      10.16
 903      10.68
 904      10.16
 905      10.68
 906      10.16
 907      10.68
 908      10.16
 909       9.67
 910       9.19
 911       8.75
 912       9.19
 913       8.75
 914       8.32
 915       7.91
 916       7.53
 917       7.91
 918       7.53
 919       7.16
 920       6.81
 921       7.16
 922       6.81
 923       6.48
 924       6.16
 925       6.48
 926       6.16
 927       5.86
 928       6.16
 929       6.48
 930       6.16
 931       6.48
 932       6.81
 933       6.48
 934       6.16
 935       6.48
 936       8.32
 937       7.91
 938       8.32
 939       9.67
 940       9.19
 941       9.67
 942       9.19
 943       8.75
 944       9.19
 945       8.75
 946       8.32
 947       8.75
 948       9.19
 949       9.67
 950      10.16
 951       9.67
 952      10.16
 953       9.67
 954       9.19
 955       9.67
 956       9.19
 957       8.75
 958       9.19
 959       8.75
 960       8.32
 961       7.91
 962       8.32
 963       7.91
 964       9.19
 965       8.75
 966       8.32
 967       8.75
 968       8.32
 969       7.91
 970      10.16
 971      11.81
 972      12.41
 973      11.81
 974      11.23
 975      11.81
 976      11.23
 977      11.81
 978      11.23
 979      11.81
 980      12.41
 981      11.81
 982      11.23
 983      13.05
 984      12.41
 985      11.81
 986      11.23
 987      11.81
 988      12.41
 989      13.05
 990      12.41
 991      14.42
 992      22.61
 993      26.27
 994      27.62
 995      29.04
 996      27.62
 997      26.27
 998      24.99
 999      26.27
1000      24.99
1001      23.77
1002      22.61
1003      23.77
1004      22.61
1005      21.51
1006      22.61
1007      23.77
1008      24.99
1009      26.27
1010      24.99
1011      23.77
1012      22.61
1013      21.51
1014      24.99
1015      23.77
1016      22.61
1017      21.51
1018      22.61
1019      21.51
1020      20.46
1021      21.51
1022      20.46
1023      19.46
1024      20.46
1025      21.51
1026      20.46
1027      21.51
1028      20.46
1029      19.46
1030      22.61
1031      23.77
1032      24.99
1033      23.77
1034      22.61
1035      23.77
1036      22.61
1037      26.27
1038      24.99
1039      23.77
1040      22.61
1041      21.51
1042      22.61
1043      21.51
1044      20.46
1045      19.46
1046      18.52
1047      19.46
1048      20.46
1049      21.51
1050      24.99
1051      23.77
1052      24.99
1053      23.77
1054      22.61
1055      21.51
1056      22.61
1057      21.51
1058      22.61
1059      23.77
1060      22.61
1061      21.51
1062      22.61
1063      21.51
1064      20.46
1065      19.46
1066      18.52
1067      19.46
1068      18.52
1069      19.46
1070      20.46
1071      21.51
1072      24.99
1073      23.77
1074      24.99
1075      23.77
1076      22.61
1077      23.77
1078      22.61
1079      21.51
1080      22.61
1081      21.51
1082      20.46
1083      19.46
1084      20.46
1085      19.46
1086      18.52
1087      17.61
1088      18.52
1089      19.46
1090      20.46
1091      21.51
1092      20.46
1093      19.46
1094      20.46
1095      19.46
1096      18.52
1097      17.61
1098      16.75
1099      17.61
1100      16.75
1101      17.61
1102      16.75
1103      15.94
1104      16.75
1105      15.94
1106      15.16
1107      14.42
1108      13.72
1109      13.05
1110      15.16
1111      15.94
1112      15.16
1113      19.46
1114      18.52
1115      17.61
1116      18.52
1117      17.61
1118      16.75
1119      15.94
1120      16.75
1121      15.94
1122      15.16
1123      15.94
1124      16.75
1125      15.94
1126      16.75
1127      17.61
1128      16.75
1129      15.94
1130      15.16
1131      15.94
1132      16.75
1133      15.94
1134      16.75
1135      15.94
1136      15.16
1137      14.42
1138      13.72
1139      14.42
1140      15.16
1141      14.42
1142      16.75
1143      15.94
1144      16.75
1145      15.94
1146      15.16
1147      15.94
1148      15.16
1149      14.42
1150      15.16
1151      14.42
1152      13.72
1153      15.94
1154      15.16
1155      14.42
1156      13.72
1157      14.42
1158      13.72
1159      14.42
1160      13.72
1161      13.05
1162      12.41
1163      13.05
1164      12.41
1165      15.94
1166      20.46
1167      19.46
1168      18.52
1169      19.46
1170      18.52
1171      17.61
1172      16.75
1173      17.61
1174      18.52
1175      19.46
1176      20.46
1177      19.46
1178      18.52
1179      21.51
1180      20.46
1181      21.51
1182      20.46
1183      19.46
1184      20.46
1185      19.46
1186      20.46
1187      19.46
1188      20.46
1189      21.51
1190      20.46
1191      21.51
1192      20.46
1193      19.46
1194      22.61
1195      21.51
1196      22.61
1197      23.77
1198      22.61
1199      23.77
1200      22.61
1201      23.77
1202      22.61
1203      23.77
1204      24.99
1205      23.77
1206      24.99
1207      23.77
1208      22.61
1209      21.51
1210      22.61
1211      23.77
1212      24.99
1213      26.27
1214      27.62
1215      26.27
1216      30.53
1217      35.47
1218      33.74
1219      32.09
1220      30.53
1221      32.09
1222      30.53
1223      35.47
1224      33.74
1225      32.09
1226      30.53
1227      29.04
1228      27.62
1229      29.04
1230      27.62
1231      26.27
1232      24.99
1233      23.77
1234      24.99
1235      23.77
1236      22.61
1237      21.51
1238      20.46
1239      19.46
1240      20.46
1241      19.46
1242      24.99
1243      23.77
1244      24.99
1245      23.77
1246      22.61
1247      21.51
1248      20.46
1249      21.51
1250      22.61
1251      21.51
1252      22.61
1253      21.51
1254      20.46
1255      19.46
1256      20.46
1257      19.46
1258      18.52
1259      17.61
1260      16.75
1261      17.61
1262      16.75
1263      15.94
1264      16.75
1265      15.94
1266      16.75
1267      17.61
1268      16.75
1269      15.94
1270      15.16
1271      14.42
1272      15.16
1273      14.42
1274      15.16
1275      14.42
1276      15.16
1277      14.42
1278      15.16
1279      15.94
1280      15.16
1281      14.42
1282      15.16
1283      14.42
1284      13.72
1285      14.42
1286      15.16
1287      14.42
1288      15.16
1289      14.42
1290      13.72
1291      14.42
1292      13.72
1293      14.42
1294      13.72
1295      13.05
1296      15.16
1297      15.94
1298      16.75
1299      15.94
1300      18.52
1301      17.61
1302      16.75
1303      17.61
1304      18.52
1305      17.61
1306      18.52
1307      17.61
1308      16.75
1309      15.94
1310      15.16
1311      15.94
1312      15.16
1313      14.42
1314      13.72
1315      14.42
1316      13.72
1317      13.05
1318      13.72
1319      15.94
1320      15.16
1321      17.61
1322      16.75
1323      15.94
1324      16.75
1325      17.61
1326      20.46
1327      19.46
1328      20.46
1329      19.46
1330      18.52
1331      17.61
1332      18.52
1333      17.61
1334      16.75
1335      17.61
1336      16.75
1337      15.94
1338      18.52
1339      17.61
1340      18.52
1341      17.61
1342      16.75
1343      17.61
1344      16.75
1345      15.94
1346      16.75
1347      15.94
1348      15.16
1349      15.94
1350      15.16
1351      15.94
1352      15.16
1353      14.42
1354      13.72
1355      14.42
1356      15.16
1357      14.42
1358      13.72
1359      13.05
1360      13.72
1361      13.05
1362      12.41
1363      11.81
1364      12.41
1365      11.81
1366      12.41
1367      15.94
1368      15.16
1369      17.61
1370      16.75
1371      17.61
1372      18.52
1373      19.46
1374      20.46
1375      21.51
1376      24.99
1377      23.77
1378      24.99
1379      23.77
1380      24.99
1381      23.77
1382      22.61
1383      26.27
1384      24.99
1385      23.77
1386      22.61
1387      23.77
1388      22.61
1389      21.51
1390      20.46
1391      21.51
1392      20.46
1393      19.46
1394      20.46
1395      19.46
1396      18.52
1397      17.61
1398      18.52
1399      17.61
1400      16.75
1401      17.61
1402      16.75
1403      15.94
1404      16.75
1405      15.94
1406      15.16
1407      14.42
1408      15.16
1409      17.61
1410      20.46
1411      19.46
1412      20.46
1413      21.51
1414      20.46
1415      21.51
1416      20.46
1417      21.51
1418      20.46
1419      19.46
1420      20.46
1421      19.46
1422      18.52
1423      19.46
1424      18.52
1425      19.46
1426      18.52
1427      17.61
1428      18.52
1429      17.61
1430      16.75
1431      15.94
1432      20.46
1433      23.77
1434      22.61
1435      23.77
1436      24.99
1437      26.27
1438      24.99
1439      26.27
1440      24.99
1441      23.77
1442      24.99
1443      23.77
1444      22.61
1445      21.51
1446      24.99
1447      23.77
1448      22.61
1449      21.51
1450      20.46
1451      19.46
1452      20.46
1453      19.46
1454      18.52
1455      17.61
1456      18.52
1457      17.61
1458      18.52
1459      17.61
1460      18.52
1461      19.46
1462      18.52
1463      19.46
1464      18.52
1465      17.61
1466      16.75
1467      15.94
1468      16.75
1469      15.94
1470      15.16
1471      14.42
1472      13.72
1473      15.94
1474      15.16
1475      14.42
1476      15.16
1477      15.94
1478      15.16
1479      15.94
1480      15.16
1481      15.94
1482      15.16
1483      14.42
1484      13.72
1485      14.42
1486      13.72
1487      14.42
1488      13.72
1489      15.94
1490      16.75
1491      15.94
1492      16.75
1493      21.51
1494      22.61
1495      23.77
1496      27.62
1497      26.27
1498      27.62
1499      26.27
1500      27.62
1501      26.27
1502      24.99
1503      26.27
1504      24.99
1505      23.77
1506      22.61
1507      23.77
1508      30.53
1509      32.09
1510      30.53
1511      39.20
1512      37.29
1513      39.20
1514      45.54
1515      43.32
1516      45.54
1517      47.88
1518      61.47
1519      58.48
1520      61.47
1521      71.42
1522      67.94
1523      71.42
1524      75.08
1525      78.93
1526      82.98
1527      78.93
1528      82.98
1529      87.23
1530      91.71
1531      87.23
1532      91.71
1533      87.23
1534      82.98
1535      78.93
1536      82.98
1537      78.93
1538      82.98
1539      78.93
1540      82.98
1541      78.93
1542      75.08
1543      71.42
1544      75.08
1545      71.42
1546      82.98
1547      78.93
1548      75.08
1549      78.93
1550      75.08
1551      71.42
1552      67.94
1553      64.62
1554      67.94
1555      64.62
1556      75.08
1557      71.42
1558      67.94
1559      64.62
1560      61.47
1561      64.62
1562      61.47
1563      64.62
1564      61.47
1565      58.48
1566      61.47
1567      64.62
1568      67.94
1569      64.62
1570      61.47
1571      58.48
1572      61.47
1573      58.48
1574      55.62
1575      52.91
1576      50.33
1577      52.91
1578      50.33
1579      47.88
1580      61.47
1581      58.48
1582      55.62
1583      58.48
1584      67.94
1585      64.62
1586      61.47
1587      64.62
1588      61.47
1589      58.48
1590      61.47
1591      58.48
1592      55.62
1593      58.48
1594      55.62
1595      52.91
1596      50.33
1597      52.91
1598      50.33
1599      47.88
1600      45.54
1601      47.88
1602      45.54
1603      47.88
1604      45.54
1605      43.32
1606      45.54
1607      43.32
1608      41.21
1609      39.20
1610      41.21
1611      43.32
1612      45.54
1613      43.32
1614      41.21
1615      39.20
1616      37.29
1617      39.20
1618      41.21
1619      39.20
1620      41.21
1621      39.20
1622      37.29
1623      35.47
1624      37.29
1625      35.47
1626      33.74
1627      35.47
1628      33.74
1629      32.09
1630      33.74
1631      32.09
1632      30.53
1633      29.04
1634      30.53
1635      32.09
1636      33.74
1637      32.09
1638      30.53
1639      32.09
1640      33.74
1641      32.09
1642      30.53
1643      29.04
1644      27.62
1645      29.04
1646      27.62
1647      29.04
1648      27.62
1649      26.27
1650      27.62
1651      32.09
1652      30.53
1653      29.04
1654      30.53
1655      32.09
1656      33.74
1657      32.09
1658      30.53
1659      32.09
1660      30.53
1661      32.09
1662      33.74
1663      32.09
1664      33.74
1665      32.09
1666      30.53
1667      35.47
1668      37.29
1669      35.47
1670      33.74
1671      32.09
1672      30.53
1673      32.09
1674      30.53
1675      29.04
1676      30.53
1677      35.47
1678      37.29
1679      35.47
1680      33.74
1681      39.20
1682      41.21
1683      39.20
1684      41.21
1685      39.20
1686      41.21
1687      39.20
1688      37.29
1689      58.48
1690      55.62
1691      58.48
1692      55.62
1693      52.91
1694      55.62
1695      58.48
1696      55.62
1697      52.91
1698      55.62
1699      58.48
1700      61.47
1701      58.48
1702      61.47
1703      58.48
1704      61.47
1705      58.48
1706      55.62
1707      58.48
1708      55.62
1709      58.48
1710      55.62
1711      52.91
1712      50.33
1713      52.91
1714      50.33
1715      47.88
1716      45.54
1717      47.88
1718      45.54
1719      43.32
1720      41.21
1721      39.20
1722      37.29
1723      35.47
1724      37.29
1725      35.47
1726      33.74
1727      39.20
1728      37.29
1729      39.20
1730      37.29
1731      39.20
1732      37.29
1733      35.47
1734      37.29
1735      43.32
1736      41.21
1737      39.20
1738      41.21
1739      39.20
1740      37.29
1741      39.20
1742      37.29
1743      35.47
1744      37.29
1745      35.47
1746      33.74
1747      39.20
1748      37.29
1749      39.20
1750      41.21
1751      43.32
1752      41.21
1753      39.20
1754      41.21
1755      39.20
1756      41.21
1757      39.20
1758      37.29
1759      39.20
1760      37.29
1761      39.20
1762      37.29
1763      39.20
1764      41.21
1765      39.20
1766      37.29
1767      39.20
1768      41.21
1769      39.20
1770      41.21
1771      39.20
1772      37.29
1773      39.20
1774      37.29
1775      39.20
1776      37.29
1777      39.20
1778      37.29
1779      35.47
1780      37.29
1781      35.47
1782      33.74
1783      35.47
1784      33.74
1785      32.09
1786      33.74
1787      32.09
1788      33.74
1789      32.09
1790      30.53
1791      29.04
1792      27.62
1793      26.27
1794      24.99
1795      29.04
1796      27.62
1797      26.27
1798      24.99
1799      26.27
1800      24.99
1801      26.27
1802      24.99
1803      23.77
1804      22.61
1805      26.27
1806      24.99
1807      29.04
1808      30.53
1809      29.04
1810      30.53
1811      29.04
1812      27.62
1813      29.04
1814      30.53
1815      29.04
1816      27.62
1817      29.04
1818      30.53
1819      32.09
1820      30.53
1821      32.09
1822      30.53
1823      29.04
1824      30.53
1825      29.04
1826      27.62
1827      26.27
1828      30.53
1829      29.04
1830      27.62
1831      26.27
1832      27.62
1833      26.27
1834      24.99
1835      23.77
1836      24.99
1837      23.77
1838      27.62
1839      26.27
1840      27.62
1841      29.04
1842      33.74
1843      32.09
1844      30.53
1845      29.04
1846      30.53
1847      29.04
1848      30.53
1849      29.04
1850      27.62
1851      26.27
1852      27.62
1853      29.04
1854      27.62
1855      26.27
1856      24.99
1857      26.27
1858      24.99
1859      26.27
1860      27.62
1861      29.04
1862      30.53
1863      32.09
1864      30.53
1865      29.04
1866      30.53
1867      29.04
1868      27.62
1869      29.04
1870      27.62
1871      29.04
1872      27.62
1873      29.04
1874      27.62
1875      26.27
1876      24.99
1877      26.27
1878      24.99
1879      26.27
1880      24.99
1881      23.77
1882      24.99
1883      23.77
1884      27.62
1885      26.27
1886      30.53
1887      29.04
1888      27.62
1889      29.04
1890      27.62
1891      29.04
1892      27.62
1893      26.27
1894      27.62
1895      26.27
1896      24.99
1897      26.27
1898      24.99
1899      23.77
1900      24.99
1901      26.27
1902      27.62
1903      26.27
1904      27.62
1905      29.04
1906      27.62
1907      29.04
1908      30.53
1909      29.04
1910      30.53
1911      32.09
1912      30.53
1913      29.04
1914      33.74
1915      32.09
1916      30.53
1917      32.09
1918      30.53
1919      29.04
1920      30.53
1921      29.04
1922      27.62
1923      26.27
1924      27.62
1925      26.27
1926      24.99
1927      23.77
1928      24.99
1929      23.77
1930      24.99
1931      26.27
1932      27.62
1933      26.27
1934      24.99
1935      26.27
1936      24.99
1937      26.27
1938      24.99
1939      23.77
1940      22.61
1941      23.77
1942      24.99
1943      26.27
1944      24.99
1945      23.77
1946      22.61
1947      23.77
1948      22.61
1949      29.04
1950      27.62
1951      29.04
1952      27.62
1953      32.09
1954      30.53
1955      32.09
1956      30.53
1957      32.09
1958      30.53
1959      29.04
1960      27.62
1961      29.04
1962      27.62
1963      26.27
1964      27.62
1965      26.27
1966      24.99
1967      23.77
1968      24.99
1969      23.77
1970      24.99
1971      26.27
1972      24.99
1973      23.77
1974      22.61
1975      21.51
1976      22.61
1977      21.51
1978      24.99
1979      29.04
1980      27.62
1981      29.04
1982      27.62
1983      29.04
1984      30.53
1985      32.09
1986      30.53
1987      29.04
1988      30.53
1989      29.04
1990      27.62
1991      26.27
1992      27.62
1993      29.04
1994      27.62
1995      26.27
1996      27.62
1997      26.27
1998      37.29
1999      35.47
2000      33.74
2001      35.47
2002      33.74
2003      35.47
2004      33.74
2005      32.09
2006      33.74
2007      32.09
2008      30.53
2009      32.09
2010      30.53
2011      29.04
2012      27.62
2013      26.27
2014      27.62
2015      29.04
2016      27.62
2017      26.27
2018      27.62
2019      26.27
2020      30.53
2021      32.09
2022      30.53
2023      39.20
2024      37.29
2025      35.47
2026      37.29
2027      43.32
2028      41.21
2029      43.32
2030      41.21
2031      43.32
2032      41.21
2033      43.32
2034      41.21
2035      39.20
2036      41.21
2037      39.20
2038      37.29
2039      35.47
2040      37.29
2041      35.47
2042      33.74
2043      32.09
2044      30.53
2045      32.09
2046      33.74
2047      35.47
2048      33.74
2049      32.09
2050      30.53
2051      29.04
2052      30.53
2053      29.04
2054      27.62
2055      32.09
2056      30.53
2057      32.09
2058      33.74
2059      32.09
2060      33.74
2061      32.09
2062      37.29
2063      35.47
2064      33.74
2065      43.32
2066      45.54
2067      43.32
2068      41.21
2069      43.32
2070      41.21
2071      39.20
2072      41.21
2073      39.20
2074      37.29
2075      39.20
2076      37.29
2077      35.47
2078      33.74
2079      32.09
2080      33.74
2081      32.09
2082      30.53
2083      32.09
2084      30.53
2085      35.47
2086      33.74
2087      35.47
2088      33.74
2089      39.20
2090      37.29
2091      35.47
2092      37.29
2093      43.32
2094      45.54
2095      47.88
2096      50.33
2097      47.88
2098      45.54
2099      47.88
2100      50.33
2101      47.88
2102      45.54
2103      47.88
2104      45.54
2105      47.88
2106      45.54
2107      43.32
2108      41.21
2109      39.20
2110      41.21
2111      39.20
2112      37.29
2113      39.20
2114      37.29
2115      35.47
2116      33.74
2117      35.47
2118      37.29
2119      35.47
2120      33.74
2121      39.20
2122      37.29
2123      39.20
2124      37.29
2125      43.32
2126      41.21
2127      39.20
2128      37.29
2129      39.20
2130      37.29
2131      35.47
2132      33.74
2133      35.47
2134      33.74
2135      32.09
2136      30.53
2137      32.09
2138      33.74
2139      32.09
2140      33.74
2141      32.09
2142      33.74
2143      35.47
2144      33.74
2145      32.09
2146      33.74
2147      32.09
2148      30.53
2149      29.04
2150      30.53
2151      29.04
2152      30.53
2153      32.09
2154      33.74
2155      32.09
2156      30.53
2157      29.04
2158      30.53
2159      29.04
2160      33.74
2161      35.47
2162      33.74
2163      35.47
2164      37.29
2165      35.47
2166      41.21
2167      43.32
2168      41.21
2169      43.32
2170      41.21
2171      43.32
2172      41.21
2173      39.20
2174      41.21
2175      39.20
2176      41.21
2177      39.20
2178      37.29
2179      39.20
2180      37.29
2181      35.47
2182      33.74
2183      32.09
2184      33.74
2185      32.09
2186      33.74
2187      32.09
2188      30.53
2189      32.09
2190      30.53
2191      29.04
2192      27.62
2193      32.09
2194      33.74
2195      35.47
2196      33.74
2197      32.09
2198      30.53
2199      29.04
2200      30.53
2201      29.04
2202      30.53
2203      29.04
2204      27.62
2205      29.04
2206      27.62
2207      29.04
2208      27.62
2209      26.27
2210      27.62
2211      29.04
2212      27.62
2213      26.27
2214      27.62
2215      29.04
2216      27.62
2217      26.27
2218      24.99
2219      23.77
2220      24.99
2221      23.77
2222      22.61
2223      23.77
2224      24.99
2225      26.27
2226      24.99
2227      26.27
2228      24.99
2229      29.04
2230      27.62
2231      29.04
2232      27.62
2233      26.27
2234      27.62
2235      26.27
2236      27.62
2237      26.27
2238      24.99
2239      26.27
2240      24.99
2241      26.27
2242      24.99
2243      23.77
2244      22.61
2245      29.04
2246      27.62
2247      29.04
2248      27.62
2249      29.04
2250      30.53
2251      29.04
2252      27.62
2253      29.04
2254      27.62
2255      29.04
2256      30.53
2257      32.09
2258      30.53
2259      29.04
2260      27.62
2261      32.09
2262      30.53
2263      29.04
2264      30.53
2265      29.04
2266      27.62
2267      26.27
2268      24.99
2269      23.77
2270      24.99
2271      23.77
2272      24.99
2273      23.77
2274      22.61
2275      23.77
2276      22.61
2277      21.51
2278      30.53
2279      29.04
2280      27.62
2281      29.04
2282      33.74
2283      32.09
2284      33.74
2285      32.09
2286      30.53
2287      32.09
2288      30.53
2289      29.04
2290      30.53
2291      35.47
2292      37.29
2293      35.47
2294      33.74
2295      35.47
2296      33.74
2297      32.09
2298      30.53
2299      29.04
2300      27.62
2301      29.04
2302      27.62
2303      26.27
2304      24.99
2305      26.27
2306      24.99
2307      26.27
2308      24.99
2309      23.77
2310      27.62
2311      32.09
2312      30.53
2313      32.09
2314      30.53
2315      29.04
2316      30.53
2317      29.04
2318      27.62
2319      29.04
2320      27.62
2321      29.04
2322      27.62
2323      29.04
2324      27.62
2325      26.27
2326      24.99
2327      26.27
2328      24.99
2329      26.27
2330      24.99
2331      23.77
2332      24.99
2333      26.27
2334      24.99
2335      23.77
2336      24.99
2337      23.77
2338      22.61
2339      23.77
2340      22.61
2341      21.51
2342      20.46
2343      21.51
2344      22.61
2345      21.51
2346      20.46
2347      21.51
2348      22.61
2349      21.51
2350      20.46
2351      19.46
2352      20.46
2353      19.46
2354      18.52
2355      23.77
2356      22.61
2357      23.77
2358      22.61
2359      21.51
2360      22.61
2361      26.27
2362      24.99
2363      23.77
2364      22.61
2365      23.77
2366      22.61
2367      23.77
2368      22.61
2369      21.51
2370      20.46
2371      21.51
2372      24.99
2373      23.77
2374      22.61
2375      23.77
2376      22.61
2377      21.51
2378      20.46
2379      21.51
2380      20.46
2381      21.51
2382      20.46
2383      23.77
2384      24.99
2385      23.77
2386      24.99
2387      23.77
2388      24.99
2389      23.77
2390      22.61
2391      23.77
2392      22.61
2393      21.51
2394      20.46
2395      21.51
2396      22.61
2397      21.51
2398      20.46
2399      19.46
2400      20.46
2401      19.46
2402      22.61
2403      21.51
2404      22.61
2405      23.77
2406      22.61
2407      21.51
2408      20.46
2409      21.51
2410      20.46
2411      21.51
2412      20.46
2413      23.77
2414      22.61
2415      23.77
2416      22.61
2417      21.51
2418      27.62
2419      26.27
2420      27.62
2421      29.04
2422      27.62
2423      32.09
2424      30.53
2425      32.09
2426      30.53
2427      29.04
2428      30.53
2429      29.04
2430      27.62
2431      29.04
2432      27.62
2433      26.27
2434      24.99
2435      26.27
2436      24.99
2437      23.77
2438      22.61
2439      26.27
2440      24.99
2441      26.27
2442      27.62
2443      26.27
2444      24.99
2445      23.77
2446      22.61
2447      23.77
2448      22.61
2449      21.51
2450      22.61
2451      23.77
2452      22.61
2453      21.51
2454      20.46
2455      19.46
2456      18.52
2457      19.46
2458      18.52
2459      17.61
2460      16.75
2461      19.46
2462      18.52
2463      19.46
2464      18.52
2465      17.61
2466      18.52
2467      17.61
2468      20.46
2469      19.46
2470      20.46
2471      19.46
2472      20.46
2473      19.46
2474      18.52
2475      19.46
2476      18.52
2477      17.61
2478      18.52
2479      19.46
2480      20.46
2481      19.46
2482      18.52
2483      19.46
2484      18.52
2485      19.46
2486      18.52
2487      19.46
2488      20.46
2489      19.46
2490      18.52
2491      17.61
2492      18.52
2493      17.61
2494      18.52
2495      21.51
2496      20.46
2497      19.46
2498      20.46
2499      21.51
2500      20.46
2501      19.46
2502      18.52
2503      19.46
2504      18.52
2505      19.46
2506      20.46
2507      21.51
2508      20.46
2509      21.51
2510      22.61
2511      21.51
2512      22.61
2513      23.77
2514      22.61
2515      21.51
2516      20.46
2517      19.46
2518      18.52
2519      19.46
2520      18.52
2521      19.46
2522      18.52
2523      19.46
2524      18.52
2525      17.61
2526      18.52
2527      17.61
2528      16.75
2529      17.61
2530      18.52
2531      17.61
2532      16.75
2533      15.94
2534      15.16
2535      15.94
2536      15.16
2537      14.42
2538      15.16
2539      15.94
2540      15.16
