 11.72   11.81
 11.38   11.23
 11.00   10.68
 10.63   10.16
 11.94   11.81
 11.53   11.23
 11.15   10.68
 10.80   10.16
 11.82   11.81
 11.61   11.23
 11.24   10.68
 10.86   11.23
 10.56   10.68
 10.24   10.16
 10.33   10.68
 10.27   10.16
 10.09    9.67
  9.85   10.16
  9.75    9.67
 10.34   10.16
  9.99    9.67
  9.65    9.19
  9.53    9.67
  9.28    9.19
  9.81    9.67
  9.53    9.19
  9.43    9.67
  9.19    9.19
  8.88    8.75
  9.84   10.16
  9.75    9.67
 11.44   11.23
 11.29   11.81
 10.92   11.23
 11.05   10.68
 10.88   11.23
 10.88   10.68
 10.54   10.16
 10.98   10.68
 10.61   10.16
 10.27   10.68
 10.33   10.16
 10.72   10.68
 10.87   11.23
 11.16   10.68
 10.84   11.23
 11.85   11.81
 12.83   12.41
 12.51   13.05
 12.16   12.41
 11.89   11.81
 11.83   12.41
 11.43   11.81
 11.85   12.41
 12.38   13.05
 12.40   12.41
 12.03   11.81
 20.70   18.52
 20.01   19.46
 20.11   18.52
 20.98   19.46
 20.52   18.52
 20.04   19.46
 20.32   18.52
 20.06   19.46
 19.40   18.52
 18.90   17.61
 18.26   16.75
 17.64   17.61
 17.16   16.75
 16.57   15.94
 16.03   15.16
 15.58   14.42
 15.40   15.16
 14.91   14.42
 14.87   13.72
 14.37   13.05
 13.88   12.41
 13.41   11.81
 13.57   12.41
 13.36   11.81
 13.27   12.41
 13.37   13.05
 14.31   13.72
 13.91   13.05
 13.66   13.72
 13.23   13.05
 13.84   13.72
 13.54   13.05
 13.95   13.72
 13.55   13.05
 13.24   12.41
 12.97   13.05
 12.77   12.41
 12.53   11.81
 12.13   11.23
 13.52   13.05
 14.03   13.72
 14.22   14.42
 13.84   13.72
 14.35   14.42
 13.99   13.72
 13.79   14.42
 13.57   13.72
 14.04   14.42
 14.62   15.16
 18.61   17.61
 18.00   16.75
 17.72   17.61
 17.17   16.75
 16.65   15.94
 16.17   16.75
 15.86   15.94
 15.52   15.16
 17.20   17.61
 16.77   16.75
 16.77   15.94
 16.28   16.75
 16.09   15.94
 16.69   16.75
 16.27   15.94
 15.73   15.16
 18.09   17.61
 18.53   18.52
 18.18   17.61
 17.72   18.52
 17.87   17.61
 17.32   16.75
 16.78   17.61
 16.22   16.75
 16.27   15.94
 16.02   16.75
 15.58   15.94
 15.05   15.16
 14.57   14.42
 14.44   13.72
 13.97   13.05
 14.15   13.72
 14.43   14.42
 14.51   13.72
 14.08   14.42
 21.87   20.46
 22.67   21.51
 23.37   22.61
 22.82   21.51
 22.19   20.46
 21.56   21.51
 22.80   22.61
 22.07   21.51
 24.57   24.99
 23.86   23.77
 25.96   24.99
 25.12   23.77
 24.37   24.99
 26.61   26.27
 27.53   27.62
 28.85   29.04
 27.90   27.62
 27.51   26.27
 26.81   27.62
 26.01   26.27
 25.13   24.99
 24.28   23.77
 23.59   22.61
 22.84   21.51
 24.77   24.99
 24.03   23.77
 23.58   22.61
 23.77   23.77
 22.97   22.61
 23.55   23.77
 22.80   22.61
 22.05   21.51
 21.60   20.46
 23.13   23.77
 22.34   22.61
 21.87   21.51
 21.59   20.46
 22.62   21.51
 22.20   22.61
 21.75   21.51
 25.00   24.99
 24.21   23.77
 23.40   22.61
 24.77   23.77
 26.88   27.62
 26.20   26.27
 25.63   24.99
 25.05   26.27
 24.20   24.99
 23.50   23.77
 22.78   22.61
 23.41   23.77
 23.05   22.61
 22.31   21.51
 23.35   22.61
 23.65   23.77
 22.95   22.61
 22.55   21.51
 21.86   22.61
 21.14   21.51
 20.87   20.46
 20.17   19.46
 19.62   18.52
 19.05   17.61
 18.52   18.52
 18.00   17.61
 18.17   16.75
 17.69   17.61
 17.64   16.75
 17.07   15.94
 16.52   15.16
 16.05   14.42
 16.10   15.16
 15.90   14.42
 18.18   18.52
 19.27   19.46
 18.63   18.52
 18.50   17.61
 18.40   18.52
 17.85   17.61
 17.44   16.75
 17.23   17.61
 19.45   18.52
 19.03   19.46
 18.57   18.52
 17.96   17.61
 17.81   18.52
 17.46   17.61
 18.71   18.52
 18.30   17.61
 18.22   18.52
 17.63   17.61
 18.13   18.52
 18.81   19.46
 18.24   18.52
 18.01   17.61
 17.46   16.75
 16.95   17.61
 16.60   16.75
 16.04   15.94
 15.72   15.16
 15.19   14.42
 15.14   15.16
 14.63   14.42
 14.32   13.72
 15.48   15.94
 15.00   15.16
 14.67   14.42
 14.30   13.72
 14.08   14.42
 15.09   15.16
 17.79   17.61
 17.22   16.75
 16.77   15.94
 16.32   16.75
 15.86   15.94
 15.50   15.16
 14.99   14.42
 14.49   13.72
 14.00   14.42
 13.91   13.72
 14.53   14.42
 14.09   13.72
 13.61   13.05
 13.15   12.41
 12.71   11.81
 12.27   11.23
 11.89   11.81
 12.02   11.23
 11.61   10.68
 11.56   11.23
 11.24   10.68
 11.28   11.23
 10.91   10.68
 11.74   11.23
 11.43   10.68
 12.01   11.23
 11.61   11.81
 11.79   11.23
 11.47   11.81
 11.08   11.23
 10.71   10.68
 10.52   10.16
 10.80   10.68
 10.43   10.16
 11.29   10.68
 11.07   11.23
 11.46   11.81
 11.71   11.23
 11.70   11.81
 11.42   11.23
 11.91   11.81
 11.65   11.23
 11.68   11.81
 11.32   11.23
 11.47   11.81
 11.21   11.23
 10.86   10.68
 10.59   10.16
 11.07   10.68
 10.70   11.23
 10.36   10.68
 10.52   10.16
 11.84   11.81
 11.96   12.41
 20.29   19.46
 19.87   18.52
 19.21   17.61
 26.43   22.61
 26.21   23.77
 25.75   22.61
 24.87   21.51
 24.52   22.61
 24.59   21.51
 25.88   24.99
 25.84   23.77
 25.90   24.99
 25.03   23.77
 24.22   22.61
 23.50   21.51
 23.14   22.61
 24.02   23.77
 24.87   24.99
 27.52   26.27
 32.93   30.53
 31.81   29.04
 38.19   33.74
 39.22   35.47
 37.90   33.74
 36.62   35.47
 39.36   37.29
 38.58   35.47
 37.40   33.74
 36.87   35.47
 36.10   33.74
 35.87   35.47
 34.77   33.74
 33.60   32.09
 32.47   30.53
 31.44   29.04
 31.44   30.53
 30.38   29.04
 30.94   30.53
 30.16   29.04
 29.36   27.62
 28.47   26.27
 27.60   24.99
 26.81   26.27
 26.14   24.99
 25.33   23.77
 25.67   24.99
 24.85   23.77
 26.04   24.99
 25.66   23.77
 25.45   24.99
 25.54   23.77
 25.04   24.99
 24.51   23.77
 23.67   22.61
 22.88   21.51
 22.70   22.61
 22.95   21.51
 22.73   22.61
 23.18   21.51
 22.41   22.61
 21.88   21.51
 25.20   24.99
 24.34   23.77
 25.07   24.99
 24.23   23.77
 24.17   24.99
 23.35   23.77
 22.69   22.61
 25.29   26.27
 25.57   24.99
 25.04   23.77
 24.82   24.99
 24.03   23.77
 26.25   24.99
 25.43   26.27
 24.84   24.99
 26.45   26.27
 26.43   27.62
 29.49   29.04
 28.88   27.62
 28.18   29.04
 27.31   27.62
 26.51   26.27
 25.73   24.99
 26.16   26.27
 25.47   24.99
 24.60   23.77
 23.86   22.61
 23.08   23.77
 25.20   24.99
 25.04   26.27
 24.30   24.99
 25.81   26.27
 27.51   27.62
 27.13   26.27
 26.21   27.62
 26.35   26.27
 27.11   27.62
 31.98   32.09
 30.93   30.53
 30.50   29.04
 29.68   30.53
 28.67   29.04
 27.77   27.62
 30.00   29.04
 29.31   30.53
 28.47   29.04
 27.59   27.62
 27.20   26.27
 26.29   24.99
 25.52   26.27
 24.90   24.99
 24.29   23.77
 24.37   24.99
 24.96   23.77
 24.73   24.99
 25.33   26.27
 24.59   24.99
 30.33   29.04
 30.37   30.53
 29.99   29.04
 33.74   33.74
 33.00   32.09
 34.69   33.74
 36.27   35.47
 38.16   37.29
 37.63   35.47
 37.51   37.29
 36.52   35.47
 36.22   37.29
 36.17   35.47
 41.00   41.21
 40.22   39.20
 38.87   37.29
 37.96   39.20
 37.07   37.29
 36.00   35.47
 34.80   33.74
 34.42   35.47
 33.26   33.74
 32.36   32.09
 31.34   30.53
 30.28   29.04
 29.25   27.62
 28.84   26.27
 27.90   27.62
 27.06   26.27
 26.17   24.99
 26.53   23.77
 26.27   24.99
 26.38   23.77
 25.52   24.99
 24.66   23.77
 26.17   24.99
 26.80   26.27
 25.92   24.99
 25.06   23.77
 24.20   22.61
 23.40   21.51
 22.70   20.46
 21.93   19.46
 22.04   20.46
 21.29   19.46
 20.76   18.52
 20.20   19.46
 19.60   18.52
 18.96   17.61
 18.36   16.75
 17.80   15.94
 17.19   15.16
 17.21   15.94
 16.90   15.16
 16.36   14.42
 16.48   15.16
 16.84   15.94
 16.92   15.16
 16.87   15.94
 16.31   15.16
 16.55   15.94
 16.16   15.16
 15.88   14.42
 15.50   15.16
 15.47   14.42
 15.08   13.72
 14.83   14.42
 14.33   13.72
 14.27   13.05
 13.82   12.41
 13.42   13.05
 13.54   12.41
 13.23   11.81
 12.90   12.41
 12.92   11.81
 13.33   12.41
 12.90   11.81
 12.46   11.23
 12.24   11.81
 11.82   11.23
 13.18   13.05
 13.82   13.72
 13.93   13.05
 14.23   13.72
 14.39   14.42
 13.90   13.72
 13.45   13.05
 13.45   13.72
 13.10   13.05
 12.67   12.41
 12.24   11.81
 12.13   12.41
 11.91   11.81
 11.54   11.23
 12.03   11.81
 11.66   11.23
 11.74   11.81
 11.36   11.23
 11.87   11.81
 13.07   12.41
 12.63   13.05
 12.21   12.41
 12.20   11.81
 12.12   12.41
 11.73   11.81
 11.39   11.23
 12.03   11.81
 11.83   12.41
 11.57   11.81
 11.33   11.23
 11.06   10.68
 11.05   11.23
 15.19   14.42
 14.87   15.16
 17.22   15.94
 18.04   16.75
 18.32   17.61
 17.70   16.75
 17.47   17.61
 17.52   16.75
 17.63   17.61
 17.22   16.75
 16.70   15.94
 16.79   16.75
 16.22   15.94
 15.67   15.16
 15.15   14.42
 14.69   13.72
 14.28   14.42
 13.99   13.72
 13.51   13.05
 13.07   12.41
 14.91   14.42
 14.71   15.16
 14.48   14.42
 14.35   13.72
 14.99   14.42
 20.32   20.46
 20.42   19.46
 19.84   18.52
 19.16   19.46
 18.52   18.52
 18.53   17.61
 17.91   16.75
 20.29   19.46
 19.65   18.52
 19.72   19.46
 19.05   18.52
 18.41   17.61
 17.80   16.75
 17.60   17.61
 17.76   16.75
 17.17   17.61
 16.64   16.75
 16.13   15.94
 15.80   15.16
 15.29   14.42
 15.01   15.16
 14.57   14.42
 14.19   13.72
 13.77   13.05
 13.59   12.41
 14.20   13.05
 13.80   13.72
 13.86   13.05
 16.82   16.75
 16.39   15.94
 18.61   18.52
 18.21   17.61
 17.75   16.75
 17.87   17.61
 17.29   16.75
 17.86   17.61
 17.66   16.75
 17.10   17.61
 16.53   16.75
 16.08   15.94
 15.56   15.16
 23.51   21.51
 22.80   22.61
 22.37   21.51
 21.63   20.46
 21.24   21.51
 20.82   20.46
 20.11   19.46
 19.48   18.52
 20.47   19.46
 20.03   20.46
 19.56   19.46
 19.08   18.52
 18.43   17.61
 17.81   16.75
 17.23   15.94
 16.75   16.75
 16.18   15.94
 15.88   15.16
 15.40   14.42
 14.90   13.72
 14.50   13.05
 14.03   12.41
 16.91   15.94
 17.80   16.75
 17.27   17.61
 16.71   16.75
 16.17   15.94
 15.63   15.16
 17.70   17.61
 17.11   16.75
 17.13   17.61
 16.98   16.75
 17.66   17.61
 17.16   16.75
 18.17   17.61
 18.26   18.52
 17.82   17.61
 17.21   16.75
 17.62   17.61
 17.04   16.75
 16.50   15.94
 15.97   15.16
 15.73   15.94
 15.43   15.16
 16.34   15.94
 15.79   15.16
 15.28   14.42
 14.91   15.16
 14.40   14.42
 14.12   13.72
 13.68   13.05
 13.59   13.72
 15.98   15.94
 17.05   16.75
 18.71   17.61
 18.12   18.52
 17.56   17.61
 17.30   16.75
 16.71   15.94
 16.15   16.75
 15.83   15.94
 15.31   15.16
 14.79   14.42
 14.43   13.72
 13.94   13.05
 13.47   12.41
 13.33   13.05
 13.64   13.72
 14.53   14.42
 14.04   13.72
 15.16   14.42
 15.56   15.16
 15.60   15.94
 15.23   15.16
 14.71   14.42
 15.00   15.16
 15.36   15.94
 16.58   16.75
 16.98   17.61
 16.98   16.75
 16.41   15.94
 15.89   15.16
 15.40   15.94
 14.88   15.16
 14.71   14.42
 14.96   15.16
 15.18   15.94
 14.87   15.16
 14.37   14.42
 13.93   13.72
 13.72   13.05
 14.72   15.16
 14.33   14.42
 14.26   13.72
 13.98   14.42
 13.53   13.72
 13.18   13.05
 13.41   13.72
 13.24   13.05
 12.80   12.41
 13.27   13.05
 13.52   13.72
 13.53   13.05
 13.28   13.72
 12.87   13.05
 15.11   15.16
 14.66   14.42
 14.76   15.16
 14.38   14.42
 13.97   13.72
 15.41   15.94
 15.23   15.16
 14.72   14.42
 14.25   13.72
 13.93   14.42
 14.40   15.16
 13.92   14.42
 13.45   13.72
 12.99   13.05
 12.58   12.41
 12.15   11.81
 11.75   11.23
 11.78   11.81
 11.38   11.23
 11.40   10.68
 11.04   10.16
 13.59   13.05
 15.53   15.16
 15.01   14.42
 14.57   15.16
 14.10   14.42
 13.83   13.72
 13.41   13.05
 13.09   12.41
 12.72   13.05
 12.31   12.41
 13.47   13.05
 13.02   12.41
 12.85   13.05
 12.74   12.41
 12.59   13.05
 12.27   12.41
 12.04   11.81
 12.04   12.41
 11.75   11.81
 11.37   11.23
 11.16   10.68
 10.97   11.23
 10.60   10.68
 10.74   10.16
 11.63   11.81
 11.40   11.23
 11.84   11.81
 11.79   11.23
 11.57   11.81
 11.71   11.23
 11.31   11.81
 11.00   11.23
 10.69   10.68
 10.70   10.16
 10.40   10.68
 10.09   10.16
  9.91    9.67
  9.68    9.19
  9.46    9.67
  9.53    9.19
  9.26    8.75
  9.23    9.19
  9.42    9.67
  9.15    9.19
 10.75   10.68
 10.87   11.23
 11.89   11.81
 11.59   11.23
 11.29   11.81
 13.34   13.72
 13.49   13.05
 13.03   12.41
 13.33   13.05
 12.91   12.41
 13.91   14.42
 13.91   13.72
 13.61   13.05
 13.85   13.72
 13.50   13.05
 13.31   13.72
 12.99   13.05
 12.57   12.41
 12.32   11.81
 12.62   12.41
 12.19   11.81
 13.69   13.72
 14.63   14.42
 14.60   15.16
 14.11   14.42
 13.64   13.72
 13.36   13.05
 13.04   12.41
 12.60   13.05
 12.27   12.41
 12.04   11.81
 11.70   11.23
 11.38   10.68
 10.99   10.16
 11.27   10.68
 10.96   11.23
 10.78   10.68
 10.43   10.16
 10.34    9.67
 11.78   11.23
 11.60   11.81
 11.22   11.23
 11.07   10.68
 10.70   10.16
 10.44   10.68
 10.09   10.16
  9.80    9.67
  9.55    9.19
 11.21   10.68
 11.52   11.23
 11.13   10.68
 10.80   11.23
 10.85   10.68
 12.29   12.41
 12.04   11.81
 11.72   11.23
 11.48   11.81
 11.11   11.23
 10.84   10.68
 10.68   10.16
 10.40   10.68
 10.05   10.16
  9.89    9.67
  9.63    9.19
  9.39    8.75
  9.65    9.19
 12.62   13.05
 12.26   12.41
 11.89   11.81
 11.71   11.23
 11.38   11.81
 11.08   11.23
 10.83   10.68
 10.46   10.16
 10.11    9.67
  9.78    9.19
  9.60    9.67
  9.87   10.16
  9.53    9.67
 10.71   10.16
 10.35   10.68
 10.37   10.16
 10.72   10.68
 10.41   10.16
 10.21   10.68
  9.88   10.16
  9.55    9.67
  9.29    9.19
  9.11    8.75
  8.95    9.19
  8.72    8.75
  8.59    8.32
  8.34    7.91
  8.06    7.53
  8.04    7.91
  7.80    7.53
  7.60    7.16
  7.34    6.81
  7.33    7.16
  7.11    6.81
  6.96    6.48
  6.88    6.16
  6.81    6.48
  6.69    6.16
  6.51    5.86
  6.36    6.16
  6.65    6.48
  6.64    6.16
  6.64    6.48
  7.01    6.81
  6.83    6.48
  6.61    6.16
  6.85    6.48
  8.32    8.32
  8.04    7.91
  8.41    8.32
  9.61    9.67
  9.84    9.19
  9.65    9.67
  9.46    9.19
  9.28    8.75
  9.04    9.19
  8.88    8.75
  8.72    8.32
  8.88    8.75
  9.09    9.19
 10.15    9.67
  9.84   10.16
  9.52    9.67
  9.78   10.16
  9.92    9.67
  9.68    9.19
  9.37    9.67
  9.23    9.19
  9.02    8.75
  8.89    9.19
  8.65    8.75
  8.39    8.32
  8.11    7.91
  8.21    8.32
  8.22    7.91
  9.30    9.19
  9.00    8.75
  8.70    8.32
  8.41    8.75
  8.14    8.32
  8.08    7.91
 10.37   10.16
 12.85   11.81
 12.42   12.41
 12.01   11.81
 11.74   11.23
 11.47   11.81
 11.56   11.23
 11.88   11.81
 11.81   11.23
 11.70   11.81
 12.30   12.41
 12.18   11.81
 11.83   11.23
 12.55   13.05
 12.12   12.41
 11.76   11.81
 11.38   11.23
 11.37   11.81
 11.90   12.41
 12.85   13.05
 12.65   12.41
 14.80   14.42
 25.37   22.61
 33.87   26.27
 33.47   27.62
 33.16   29.04
 32.37   27.62
 31.30   26.27
 30.43   24.99
 29.40   26.27
 28.41   24.99
 27.48   23.77
 26.60   22.61
 26.04   23.77
 25.59   22.61
 25.28   21.51
 26.04   22.61
 26.10   23.77
 26.16   24.99
 26.93   26.27
 26.18   24.99
 25.36   23.77
 24.80   22.61
 23.96   21.51
 25.36   24.99
 24.51   23.77
 23.79   22.61
 23.29   21.51
 22.82   22.61
 22.63   21.51
 22.33   20.46
 21.91   21.51
 21.82   20.46
 21.10   19.46
 21.20   20.46
 22.14   21.51
 21.66   20.46
 21.83   21.51
 21.15   20.46
 21.03   19.46
 22.71   22.61
 23.23   23.77
 24.61   24.99
 23.78   23.77
 23.83   22.61
 23.84   23.77
 23.02   22.61
 25.31   26.27
 24.52   24.99
 23.71   23.77
 23.14   22.61
 22.65   21.51
 21.91   22.61
 21.68   21.51
 20.96   20.46
 20.36   19.46
 19.89   18.52
 20.22   19.46
 20.44   20.46
 20.96   21.51
 25.56   24.99
 24.69   23.77
 24.23   24.99
 23.41   23.77
 22.66   22.61
 21.97   21.51
 21.69   22.61
 21.03   21.51
 22.51   22.61
 23.61   23.77
 22.91   22.61
 22.31   21.51
 21.55   22.61
 20.85   21.51
 20.15   20.46
 19.68   19.46
 19.65   18.52
 19.25   19.46
 18.77   18.52
 20.42   19.46
 21.28   20.46
 20.61   21.51
 25.63   24.99
 24.79   23.77
 24.14   24.99
 23.71   23.77
 22.95   22.61
 23.25   23.77
 22.83   22.61
 22.34   21.51
 21.72   22.61
 21.25   21.51
 21.02   20.46
 20.39   19.46
 20.64   20.46
 19.95   19.46
 19.28   18.52
 18.67   17.61
 18.44   18.52
 19.83   19.46
 20.88   20.46
 20.69   21.51
 20.72   20.46
 20.06   19.46
 19.75   20.46
 19.67   19.46
 19.15   18.52
 18.50   17.61
 17.87   16.75
 17.50   17.61
 17.32   16.75
 17.53   17.61
 16.94   16.75
 16.65   15.94
 16.58   16.75
 16.04   15.94
 15.50   15.16
 15.01   14.42
 14.82   13.72
 14.31   13.05
 16.04   15.16
 15.76   15.94
 15.56   15.16
 18.80   19.46
 18.18   18.52
 17.60   17.61
 17.91   18.52
 17.47   17.61
 16.94   16.75
 16.36   15.94
 16.77   16.75
 16.42   15.94
 16.00   15.16
 16.12   15.94
 16.19   16.75
 15.70   15.94
 16.78   16.75
 17.17   17.61
 16.64   16.75
 16.33   15.94
 15.77   15.16
 16.33   15.94
 16.41   16.75
 16.09   15.94
 16.06   16.75
 15.52   15.94
 15.28   15.16
 14.87   14.42
 14.46   13.72
 13.99   14.42
 14.57   15.16
 14.80   14.42
 15.91   16.75
 15.38   15.94
 15.94   16.75
 15.46   15.94
 15.46   15.16
 15.23   15.94
 14.91   15.16
 14.44   14.42
 14.79   15.16
 14.32   14.42
 13.93   13.72
 15.12   15.94
 14.62   15.16
 14.52   14.42
 14.03   13.72
 14.01   14.42
 14.07   13.72
 13.94   14.42
 13.55   13.72
 13.36   13.05
 12.96   12.41
 13.09   13.05
 12.77   12.41
 15.54   15.94
 20.65   20.46
 19.97   19.46
 19.50   18.52
 18.93   19.46
 18.35   18.52
 17.81   17.61
 17.22   16.75
 17.13   17.61
 17.82   18.52
 20.66   19.46
 20.29   20.46
 20.02   19.46
 19.51   18.52
 20.99   21.51
 20.81   20.46
 20.73   21.51
 21.07   20.46
 20.41   19.46
 19.79   20.46
 19.82   19.46
 20.22   20.46
 19.99   19.46
 20.02   20.46
 21.51   21.51
 21.02   20.46
 20.74   21.51
 20.43   20.46
 19.78   19.46
 22.39   22.61
 21.86   21.51
 23.79   22.61
 24.37   23.77
 23.54   22.61
 23.94   23.77
 23.34   22.61
 22.66   23.77
 23.62   22.61
 24.54   23.77
 24.31   24.99
 23.81   23.77
 23.73   24.99
 22.93   23.77
 22.43   22.61
 22.27   21.51
 22.78   22.61
 23.54   23.77
 25.41   24.99
 25.51   26.27
 27.63   27.62
 26.86   26.27
 30.34   30.53
 35.28   35.47
 34.13   33.74
 33.28   32.09
 32.15   30.53
 32.34   32.09
 31.87   30.53
 34.32   35.47
 33.22   33.74
 32.23   32.09
 31.20   30.53
 30.21   29.04
 29.24   27.62
 28.25   29.04
 27.29   27.62
 26.36   26.27
 25.62   24.99
 25.22   23.77
 25.14   24.99
 24.52   23.77
 23.69   22.61
 22.95   21.51
 22.34   20.46
 21.64   19.46
 21.37   20.46
 21.40   19.46
 25.42   24.99
 25.26   23.77
 24.77   24.99
 23.99   23.77
 23.39   22.61
 22.92   21.51
 22.15   20.46
 22.57   21.51
 22.29   22.61
 21.53   21.51
 22.20   22.61
 21.62   21.51
 20.94   20.46
 20.56   19.46
 20.11   20.46
 19.43   19.46
 18.79   18.52
 18.63   17.61
 18.14   16.75
 18.24   17.61
 17.69   16.75
 17.10   15.94
 17.15   16.75
 17.18   15.94
 17.61   16.75
 17.47   17.61
 16.91   16.75
 16.74   15.94
 16.23   15.16
 15.74   14.42
 15.94   15.16
 15.43   14.42
 15.08   15.16
 14.76   14.42
 15.70   15.16
 15.44   14.42
 15.84   15.16
 15.62   15.94
 15.23   15.16
 14.71   14.42
 14.98   15.16
 14.57   14.42
 14.28   13.72
 14.98   14.42
 14.64   15.16
 14.37   14.42
 14.86   15.16
 14.47   14.42
 14.11   13.72
 14.58   14.42
 14.15   13.72
 13.95   14.42
 13.52   13.72
 13.15   13.05
 15.54   15.16
 15.20   15.94
 16.71   16.75
 16.30   15.94
 17.96   18.52
 17.55   17.61
 17.03   16.75
 18.40   17.61
 19.18   18.52
 18.55   17.61
 18.00   18.52
 17.53   17.61
 16.94   16.75
 16.37   15.94
 15.85   15.16
 15.97   15.94
 15.44   15.16
 15.22   14.42
 14.70   13.72
 14.41   14.42
 13.92   13.72
 13.57   13.05
 13.62   13.72
 16.30   15.94
 15.84   15.16
 17.38   17.61
 16.98   16.75
 16.44   15.94
 17.30   16.75
 17.91   17.61
 19.87   20.46
 19.50   19.46
 20.26   20.46
 19.63   19.46
 19.04   18.52
 18.40   17.61
 18.32   18.52
 18.06   17.61
 17.54   16.75
 17.43   17.61
 17.21   16.75
 16.78   15.94
 17.66   18.52
 18.02   17.61
 17.84   18.52
 17.60   17.61
 17.10   16.75
 17.04   17.61
 17.03   16.75
 16.46   15.94
 16.53   16.75
 16.43   15.94
 15.96   15.16
 15.53   15.94
 15.01   15.16
 15.61   15.94
 15.08   15.16
 14.57   14.42
 14.37   13.72
 15.17   14.42
 14.86   15.16
 14.77   14.42
 14.29   13.72
 13.81   13.05
 13.44   13.72
 12.98   13.05
 12.76   12.41
 12.34   11.81
 12.27   12.41
 11.85   11.81
 12.65   12.41
 16.12   15.94
 16.09   15.16
 17.67   17.61
 17.53   16.75
 17.14   17.61
 19.86   18.52
 21.09   19.46
 21.55   20.46
 21.43   21.51
 26.51   24.99
 25.72   23.77
 25.65   24.99
 25.72   23.77
 24.97   24.99
 24.47   23.77
 23.65   22.61
 25.94   26.27
 25.15   24.99
 24.62   23.77
 23.97   22.61
 23.59   23.77
 22.79   22.61
 22.02   21.51
 21.71   20.46
 21.76   21.51
 21.37   20.46
 20.89   19.46
 20.45   20.46
 19.77   19.46
 19.10   18.52
 18.83   17.61
 19.21   18.52
 18.81   17.61
 18.28   16.75
 17.87   17.61
 17.32   16.75
 16.73   15.94
 17.11   16.75
 16.58   15.94
 16.16   15.16
 15.89   14.42
 16.14   15.16
 18.34   17.61
 20.71   20.46
 20.64   19.46
 20.82   20.46
 20.90   21.51
 21.70   20.46
 21.45   21.51
 21.30   20.46
 21.04   21.51
 20.36   20.46
 19.71   19.46
 20.30   20.46
 19.61   19.46
 19.21   18.52
 19.79   19.46
 19.23   18.52
 18.99   19.46
 18.75   18.52
 18.14   17.61
 17.89   18.52
 17.32   17.61
 17.28   16.75
 16.71   15.94
 20.31   20.46
 23.10   23.77
 23.75   22.61
 24.65   23.77
 25.36   24.99
 27.56   26.27
 26.73   24.99
 26.44   26.27
 25.76   24.99
 24.95   23.77
 24.45   24.99
 23.95   23.77
 23.51   22.61
 22.75   21.51
 24.10   24.99
 23.35   23.77
 22.71   22.61
 21.96   21.51
 21.22   20.46
 20.77   19.46
 20.14   20.46
 19.73   19.46
 19.61   18.52
 19.00   17.61
 19.51   18.52
 18.86   17.61
 18.56   18.52
 17.94   17.61
 19.18   18.52
 19.63   19.46
 19.50   18.52
 18.93   19.46
 18.32   18.52
 17.92   17.61
 17.61   16.75
 17.13   15.94
 16.62   16.75
 16.07   15.94
 15.59   15.16
 15.25   14.42
 14.83   13.72
 15.78   15.94
 15.59   15.16
 15.39   14.42
 15.24   15.16
 15.98   15.94
 15.75   15.16
 15.65   15.94
 15.61   15.16
 15.49   15.94
 14.98   15.16
 14.55   14.42
 14.14   13.72
 14.87   14.42
 14.56   13.72
 14.30   14.42
 14.09   13.72
 16.76   15.94
 16.20   16.75
 16.02   15.94
 16.07   16.75
 22.97   21.51
 24.02   22.61
 23.76   23.77
 29.74   27.62
 29.26   26.27
 28.39   27.62
 29.23   26.27
 28.50   27.62
 27.98   26.27
 27.12   24.99
 26.27   26.27
 25.90   24.99
 25.22   23.77
 24.58   22.61
 24.27   23.77
 30.32   30.53
 33.25   32.09
 33.36   30.53
 40.62   39.20
 41.45   37.29
 44.52   39.20
 47.30   45.54
 46.55   43.32
 48.48   45.54
 50.86   47.88
 70.25   61.47
 69.54   58.48
 68.51   61.47
 81.15   71.42
 79.07   67.94
 85.81   71.42
 87.38   75.08
 93.91   78.93
 92.15   82.98
 91.27   78.93
 89.64   82.98
 99.99   87.23
 99.95   91.71
 98.01   87.23
 96.72   91.71
 93.62   87.23
 90.57   82.98
 87.62   78.93
 90.28   82.98
 88.04   78.93
 86.06   82.98
 83.49   78.93
 84.74   82.98
 82.13   78.93
 79.41   75.08
 76.76   71.42
 76.52   75.08
 75.14   71.42
 84.22   82.98
 83.63   78.93
 80.81   75.08
 78.94   78.93
 77.32   75.08
 74.74   71.42
 72.22   67.94
 70.41   64.62
 71.72   67.94
 69.81   64.62
 73.58   75.08
 72.98   71.42
 70.49   67.94
 68.52   64.62
 66.23   61.47
 66.47   64.62
 64.32   61.47
 63.81   64.62
 64.92   61.47
 62.81   58.48
 60.74   61.47
 67.15   64.62
 66.09   67.94
 65.22   64.62
 63.43   61.47
 61.27   58.48
 60.40   61.47
 58.41   58.48
 57.43   55.62
 55.61   52.91
 54.21   50.33
 53.16   52.91
 54.01   50.33
 52.18   47.88
 60.42   61.47
 59.77   58.48
 58.45   55.62
 60.60   58.48
 68.87   67.94
 67.10   64.62
 64.82   61.47
 63.29   64.62
 62.58   61.47
 60.50   58.48
 59.01   61.47
 57.14   58.48
 55.25   55.62
 56.76   58.48
 55.18   55.62
 55.13   52.91
 53.66   50.33
 51.96   52.91
 51.04   50.33
 49.42   47.88
 47.83   45.54
 47.41   47.88
 45.80   45.54
 47.38   47.88
 47.53   45.54
 45.91   43.32
 46.38   45.54
 45.11   43.32
 43.69   41.21
 42.79   39.20
 42.43   41.21
 45.96   43.32
 45.41   45.54
 43.87   43.32
 42.45   41.21
 41.45   39.20
 40.33   37.29
 39.22   39.20
 42.92   41.21
 41.51   39.20
 40.12   41.21
 40.54   39.20
 39.32   37.29
 38.03   35.47
 36.78   37.29
 36.94   35.47
 35.93   33.74
 35.63   35.47
 35.85   33.74
 34.68   32.09
 33.92   33.74
 32.83   32.09
 32.03   30.53
 31.57   29.04
 30.65   30.53
 31.99   32.09
 33.54   33.74
 33.56   32.09
 32.53   30.53
 32.92   32.09
 32.68   33.74
 32.00   32.09
 31.02   30.53
 29.97   29.04
 28.95   27.62
 29.52   29.04
 28.62   27.62
 29.49   29.04
 28.51   27.62
 27.66   26.27
 27.07   27.62
 31.45   32.09
 30.37   30.53
 30.08   29.04
 30.24   30.53
 30.92   32.09
 32.65   33.74
 31.55   32.09
 30.71   30.53
 30.70   32.09
 31.99   30.53
 30.91   32.09
 33.14   33.74
 32.06   32.09
 32.38   33.74
 31.57   32.09
 30.52   30.53
 36.53   35.47
 35.80   37.29
 34.60   35.47
 33.77   33.74
 32.63   32.09
 31.73   30.53
 30.93   32.09
 30.98   30.53
 30.12   29.04
 29.83   30.53
 35.70   35.47
 35.46   37.29
 35.61   35.47
 35.01   33.74
 37.26   39.20
 40.33   41.21
 39.20   39.20
 41.61   41.21
 40.80   39.20
 39.48   41.21
 38.14   39.20
 37.16   37.29
 63.20   58.48
 61.05   55.62
 59.12   58.48
 58.82   55.62
 57.67   52.91
 60.53   55.62
 58.72   58.48
 58.81   55.62
 56.84   52.91
 55.14   55.62
 59.67   58.48
 63.81   61.47
 62.69   58.48
 60.87   61.47
 62.46   58.48
 60.47   61.47
 60.39   58.48
 58.40   55.62
 58.38   58.48
 56.91   55.62
 56.60   58.48
 54.94   55.62
 54.33   52.91
 52.52   50.33
 52.85   52.91
 51.67   50.33
 50.30   47.88
 48.63   45.54
 47.50   47.88
 46.50   45.54
 45.44   43.32
 44.21   41.21
 42.74   39.20
 41.31   37.29
 40.17   35.47
 38.94   37.29
 37.80   35.47
 36.62   33.74
 40.54   39.20
 40.53   37.29
 39.28   39.20
 38.22   37.29
 38.97   39.20
 38.73   37.29
 37.70   35.47
 39.78   37.29
 43.21   43.32
 42.53   41.21
 41.48   39.20
 41.77   41.21
 40.76   39.20
 39.64   37.29
 39.34   39.20
 38.28   37.29
 37.54   35.47
 37.86   37.29
 36.57   35.47
 35.92   33.74
 38.25   39.20
 37.78   37.29
 39.00   39.20
 41.61   41.21
 41.83   43.32
 40.60   41.21
 40.54   39.20
 39.55   41.21
 40.16   39.20
 39.32   41.21
 38.52   39.20
 37.31   37.29
 39.10   39.20
 38.19   37.29
 38.89   39.20
 38.18   37.29
 38.27   39.20
 40.02   41.21
 38.73   39.20
 37.56   37.29
 39.61   39.20
 41.29   41.21
 39.89   39.20
 39.04   41.21
 39.77   39.20
 38.53   37.29
 37.48   39.20
 37.69   37.29
 37.43   39.20
 36.20   37.29
 39.20   39.20
 37.93   37.29
 36.88   35.47
 35.98   37.29
 35.74   35.47
 34.54   33.74
 35.19   35.47
 34.06   33.74
 33.29   32.09
 32.76   33.74
 33.66   32.09
 33.13   33.74
 32.02   32.09
 30.98   30.53
 30.23   29.04
 29.21   27.62
 28.35   26.27
 27.43   24.99
 29.03   29.04
 28.15   27.62
 27.28   26.27
 26.39   24.99
 26.92   26.27
 26.53   24.99
 26.18   26.27
 25.38   24.99
 24.53   23.77
 24.30   22.61
 26.53   26.27
 26.29   24.99
 28.02   29.04
 29.34   30.53
 28.46   29.04
 30.14   30.53
 29.38   29.04
 28.98   27.62
 28.01   29.04
 30.04   30.53
 29.26   29.04
 28.71   27.62
 29.55   29.04
 30.11   30.53
 31.33   32.09
 31.83   30.53
 30.76   32.09
 29.71   30.53
 29.10   29.04
 29.60   30.53
 29.00   29.04
 28.13   27.62
 27.20   26.27
 30.11   30.53
 29.27   29.04
 28.32   27.62
 27.41   26.27
 26.61   27.62
 26.71   26.27
 26.03   24.99
 25.15   23.77
 24.59   24.99
 23.76   23.77
 27.39   27.62
 26.50   26.27
 28.95   27.62
 29.88   29.04
 32.48   33.74
 32.35   32.09
 31.40   30.53
 30.37   29.04
 29.35   30.53
 30.23   29.04
 29.31   30.53
 28.47   29.04
 27.52   27.62
 26.59   26.27
 28.23   27.62
 28.01   29.04
 27.12   27.62
 27.23   26.27
 26.30   24.99
 25.48   26.27
 26.25   24.99
 25.67   26.27
 27.28   27.62
 29.90   29.04
 29.23   30.53
 31.18   32.09
 30.48   30.53
 29.44   29.04
 30.26   30.53
 29.59   29.04
 28.71   27.62
 28.18   29.04
 28.83   27.62
 27.85   29.04
 27.26   27.62
 28.03   29.04
 27.20   27.62
 26.70   26.27
 26.21   24.99
 26.27   26.27
 25.40   24.99
 25.52   26.27
 25.00   24.99
 24.88   23.77
 24.20   24.99
 24.93   23.77
 27.15   27.62
 26.22   26.27
 30.44   30.53
 29.60   29.04
 28.60   27.62
 28.17   29.04
 28.36   27.62
 27.75   29.04
 27.23   27.62
 26.91   26.27
 27.86   27.62
 26.95   26.27
 26.14   24.99
 25.53   26.27
 24.66   24.99
 23.84   23.77
 25.35   24.99
 25.18   26.27
 27.99   27.62
 27.38   26.27
 26.89   27.62
 28.18   29.04
 27.22   27.62
 28.92   29.04
 31.21   30.53
 30.37   29.04
 31.77   30.53
 30.99   32.09
 29.94   30.53
 29.82   29.04
 32.36   33.74
 31.71   32.09
 30.64   30.53
 30.53   32.09
 29.51   30.53
 30.32   29.04
 29.57   30.53
 28.64   29.04
 27.69   27.62
 27.47   26.27
 26.82   27.62
 25.90   26.27
 25.77   24.99
 24.99   23.77
 25.27   24.99
 24.57   23.77
 25.05   24.99
 26.01   26.27
 27.30   27.62
 26.39   26.27
 25.52   24.99
 25.73   26.27
 25.36   24.99
 25.14   26.27
 24.48   24.99
 23.96   23.77
 23.57   22.61
 23.11   23.77
 26.05   24.99
 25.18   26.27
 24.52   24.99
 23.95   23.77
 23.50   22.61
 23.14   23.77
 22.79   22.61
 29.07   29.04
 28.65   27.62
 29.71   29.04
 28.78   27.62
 31.32   32.09
 30.34   30.53
 31.54   32.09
 30.47   30.53
 31.16   32.09
 30.21   30.53
 29.55   29.04
 28.91   27.62
 27.95   29.04
 27.02   27.62
 26.23   26.27
 26.89   27.62
 25.98   26.27
 25.16   24.99
 24.31   23.77
 25.13   24.99
 25.00   23.77
 25.88   24.99
 25.22   26.27
 24.36   24.99
 24.25   23.77
 23.47   22.61
 22.95   21.51
 22.30   22.61
 21.71   21.51
 26.24   24.99
 29.69   29.04
 29.12   27.62
 29.74   29.04
 28.93   27.62
 28.05   29.04
 32.14   30.53
 31.07   32.09
 30.16   30.53
 30.02   29.04
 29.80   30.53
 28.79   29.04
 27.82   27.62
 27.57   26.27
 26.86   27.62
 28.62   29.04
 27.96   27.62
 27.51   26.27
 26.59   27.62
 25.95   26.27
 36.36   37.29
 35.13   35.47
 34.28   33.74
 34.29   35.47
 33.48   33.74
 34.05   35.47
 33.52   33.74
 32.61   32.09
 33.16   33.74
 32.64   32.09
 31.94   30.53
 30.91   32.09
 29.87   30.53
 29.21   29.04
 28.61   27.62
 27.69   26.27
 27.24   27.62
 28.54   29.04
 27.74   27.62
 27.08   26.27
 27.10   27.62
 26.30   26.27
 29.73   30.53
 32.31   32.09
 31.36   30.53
 38.24   39.20
 39.07   37.29
 37.80   35.47
 39.36   37.29
 44.64   43.32
 43.14   41.21
 43.08   43.32
 41.64   41.21
 44.25   43.32
 42.78   41.21
 41.83   43.32
 40.43   41.21
 40.06   39.20
 40.38   41.21
 39.07   39.20
 38.38   37.29
 37.53   35.47
 36.35   37.29
 35.11   35.47
 33.98   33.74
 33.14   32.09
 32.74   30.53
 32.78   32.09
 34.67   33.74
 34.57   35.47
 33.89   33.74
 33.09   32.09
 32.14   30.53
 31.26   29.04
 30.21   30.53
 29.50   29.04
 29.87   27.62
 32.00   32.09
 30.91   30.53
 32.09   32.09
 33.39   33.74
 33.54   32.09
 32.87   33.74
 32.86   32.09
 35.71   37.29
 35.05   35.47
 34.44   33.74
 46.45   43.32
 44.95   45.54
 44.25   43.32
 42.80   41.21
 43.11   43.32
 42.74   41.21
 41.62   39.20
 40.73   41.21
 39.40   39.20
 38.20   37.29
 38.00   39.20
 36.77   37.29
 36.46   35.47
 35.25   33.74
 34.29   32.09
 33.79   33.74
 33.58   32.09
 32.44   30.53
 31.90   32.09
 30.83   30.53
 35.22   35.47
 34.37   33.74
 34.36   35.47
 34.03   33.74
 37.90   39.20
 36.62   37.29
 35.75   35.47
 37.72   37.29
 43.47   43.32
 49.15   45.54
 50.19   47.88
 50.04   50.33
 49.01   47.88
 48.40   45.54
 48.12   47.88
 48.89   50.33
 48.61   47.88
 47.84   45.54
 47.97   47.88
 46.92   45.54
 47.18   47.88
 45.58   45.54
 44.07   43.32
 42.92   41.21
 41.49   39.20
 40.91   41.21
 40.11   39.20
 39.49   37.29
 39.52   39.20
 38.44   37.29
 37.76   35.47
 36.61   33.74
 37.91   35.47
 36.66   37.29
 36.50   35.47
 35.58   33.74
 39.29   39.20
 39.34   37.29
 38.05   39.20
 39.09   37.29
 41.53   43.32
 40.55   41.21
 39.24   39.20
 38.65   37.29
 37.54   39.20
 37.09   37.29
 36.00   35.47
 35.54   33.74
 34.55   35.47
 33.53   33.74
 33.81   32.09
 32.69   30.53
 31.57   32.09
 35.12   33.74
 34.01   32.09
 32.92   33.74
 32.20   32.09
 32.51   33.74
 35.08   35.47
 34.03   33.74
 33.69   32.09
 33.40   33.74
 32.38   32.09
 31.47   30.53
 30.58   29.04
 30.34   30.53
 29.68   29.04
 30.24   30.53
 30.90   32.09
 32.15   33.74
 31.84   32.09
 30.75   30.53
 29.90   29.04
 29.62   30.53
 28.67   29.04
 35.28   33.74
 35.11   35.47
 35.00   33.74
 36.96   35.47
 35.71   37.29
 35.07   35.47
 40.23   41.21
 41.64   43.32
 43.51   41.21
 43.76   43.32
 42.47   41.21
 41.98   43.32
 40.70   41.21
 39.36   39.20
 40.63   41.21
 40.71   39.20
 39.76   41.21
 38.41   39.20
 39.06   37.29
 37.73   39.20
 37.24   37.29
 36.09   35.47
 34.97   33.74
 34.13   32.09
 33.00   33.74
 34.08   32.09
 32.92   33.74
 32.05   32.09
 32.10   30.53
 31.50   32.09
 30.76   30.53
 30.10   29.04
 29.11   27.62
 33.58   32.09
 33.00   33.74
 34.35   35.47
 33.25   33.74
 32.23   32.09
 31.44   30.53
 30.38   29.04
 29.56   30.53
 28.84   29.04
 30.28   30.53
 29.32   29.04
 28.36   27.62
 30.04   29.04
 29.14   27.62
 28.30   29.04
 27.41   27.62
 26.70   26.27
 28.14   27.62
 29.49   29.04
 28.50   27.62
 27.69   26.27
 26.97   27.62
 27.94   29.04
 27.36   27.62
 26.60   26.27
 26.00   24.99
 25.28   23.77
 24.48   24.99
 24.39   23.77
 24.14   22.61
 24.75   23.77
 26.25   24.99
 25.99   26.27
 25.99   24.99
 25.30   26.27
 24.79   24.99
 27.81   29.04
 26.88   27.62
 27.55   29.04
 27.07   27.62
 27.24   26.27
 27.02   27.62
 26.53   26.27
 26.52   27.62
 25.61   26.27
 24.75   24.99
 25.35   26.27
 24.63   24.99
 24.94   26.27
 24.18   24.99
 23.67   23.77
 22.96   22.61
 27.66   29.04
 27.75   27.62
 27.78   29.04
 28.26   27.62
 27.66   29.04
 29.65   30.53
 28.78   29.04
 27.81   27.62
 29.32   29.04
 28.55   27.62
 27.62   29.04
 31.82   30.53
 31.09   32.09
 30.42   30.53
 29.40   29.04
 28.43   27.62
 31.69   32.09
 30.61   30.53
 30.05   29.04
 29.27   30.53
 28.27   29.04
 27.32   27.62
 26.49   26.27
 25.85   24.99
 25.04   23.77
 24.74   24.99
 24.18   23.77
 24.67   24.99
 24.57   23.77
 23.94   22.61
 23.68   23.77
 23.36   22.61
 22.61   21.51
 29.90   30.53
 28.98   29.04
 28.41   27.62
 29.46   29.04
 33.89   33.74
 34.06   32.09
 33.23   33.74
 32.10   32.09
 32.29   30.53
 31.61   32.09
 31.34   30.53
 30.34   29.04
 29.31   30.53
 37.27   35.47
 36.22   37.29
 35.68   35.47
 35.13   33.74
 33.98   35.47
 32.96   33.74
 31.84   32.09
 30.81   30.53
 29.78   29.04
 29.15   27.62
 29.28   29.04
 28.31   27.62
 27.54   26.27
 26.64   24.99
 26.88   26.27
 26.61   24.99
 25.98   26.27
 25.57   24.99
 25.26   23.77
 27.53   27.62
 31.24   32.09
 31.24   30.53
 31.02   32.09
 31.66   30.53
 30.63   29.04
 29.58   30.53
 29.05   29.04
 29.03   27.62
 28.04   29.04
 27.23   27.62
 28.13   29.04
 28.69   27.62
 27.96   29.04
 27.08   27.62
 26.62   26.27
 26.31   24.99
 25.83   26.27
 26.01   24.99
 25.27   26.27
 24.68   24.99
 24.95   23.77
 24.55   24.99
 25.56   26.27
 24.76   24.99
 24.15   23.77
 25.08   24.99
 24.26   23.77
 23.63   22.61
 23.12   23.77
 22.33   22.61
 22.13   21.51
 21.56   20.46
 21.03   21.51
 22.39   22.61
 22.11   21.51
 21.48   20.46
 21.05   21.51
 21.71   22.61
 20.99   21.51
 20.55   20.46
 20.48   19.46
 19.90   20.46
 19.24   19.46
 18.70   18.52
 23.69   23.77
 22.90   22.61
 22.94   23.77
 22.72   22.61
 22.04   21.51
 22.58   22.61
 25.99   26.27
 25.17   24.99
 24.38   23.77
 23.72   22.61
 24.02   23.77
 23.28   22.61
 23.40   23.77
 22.61   22.61
 21.96   21.51
 21.25   20.46
 21.11   21.51
 23.74   24.99
 23.05   23.77
 22.85   22.61
 23.20   23.77
 22.44   22.61
 21.69   21.51
 21.05   20.46
 21.50   21.51
 20.87   20.46
 21.14   21.51
 20.42   20.46
 24.08   23.77
 24.26   24.99
 24.75   23.77
 24.70   24.99
 24.37   23.77
 23.65   24.99
 23.13   23.77
 22.56   22.61
 22.99   23.77
 22.48   22.61
 21.85   21.51
 21.48   20.46
 20.78   21.51
 21.85   22.61
 21.10   21.51
 20.69   20.46
 20.08   19.46
 20.31   20.46
 20.28   19.46
 22.97   22.61
 22.48   21.51
 22.93   22.61
 23.03   23.77
 22.50   22.61
 21.76   21.51
 21.26   20.46
 21.34   21.51
 20.62   20.46
 20.45   21.51
 19.76   20.46
 23.32   23.77
 22.66   22.61
 22.83   23.77
 23.08   22.61
 22.31   21.51
 26.47   27.62
 27.19   26.27
 27.14   27.62
 29.90   29.04
 28.93   27.62
 31.60   32.09
 30.52   30.53
 32.27   32.09
 31.17   30.53
 30.58   29.04
 30.10   30.53
 29.07   29.04
 28.96   27.62
 28.61   29.04
 27.93   27.62
 26.98   26.27
 26.33   24.99
 26.62   26.27
 25.74   24.99
 24.86   23.77
 24.03   22.61
 26.84   26.27
 26.41   24.99
 26.52   26.27
 26.42   27.62
 26.01   26.27
 25.13   24.99
 24.48   23.77
 24.03   22.61
 23.31   23.77
 22.65   22.61
 22.39   21.51
 23.84   22.61
 23.10   23.77
 22.31   22.61
 21.62   21.51
 21.01   20.46
 20.43   19.46
 19.73   18.52
 20.03   19.46
 19.42   18.52
 18.78   17.61
 18.28   16.75
 19.37   19.46
 19.48   18.52
 19.03   19.46
 18.98   18.52
 18.34   17.61
 18.87   18.52
 18.59   17.61
 21.08   20.46
 20.55   19.46
 20.08   20.46
 20.14   19.46
 20.63   20.46
 20.01   19.46
 19.34   18.52
 18.71   19.46
 18.17   18.52
 18.54   17.61
 17.93   18.52
 19.89   19.46
 19.52   20.46
 19.19   19.46
 18.57   18.52
 19.21   19.46
 19.24   18.52
 19.02   19.46
 18.37   18.52
 18.53   19.46
 20.16   20.46
 19.71   19.46
 19.05   18.52
 18.41   17.61
 17.79   18.52
 17.80   17.61
 18.61   18.52
 20.78   21.51
 20.38   20.46
 19.69   19.46
 20.22   20.46
 21.11   21.51
 20.46   20.46
 19.83   19.46
 19.23   18.52
 18.79   19.46
 18.15   18.52
 18.89   19.46
 20.22   20.46
 20.33   21.51
 20.95   20.46
 20.33   21.51
 22.91   22.61
 22.13   21.51
 21.72   22.61
 22.59   23.77
 21.82   22.61
 21.39   21.51
 20.72   20.46
 20.03   19.46
 19.39   18.52
 18.74   19.46
 18.83   18.52
 19.07   19.46
 19.11   18.52
 18.97   19.46
 18.47   18.52
 18.25   17.61
 17.80   18.52
 17.39   17.61
 17.42   16.75
 18.33   17.61
 17.72   18.52
 17.54   17.61
 17.18   16.75
 16.60   15.94
 16.13   15.16
 15.58   15.94
 15.64   15.16
 15.42   14.42
 15.49   15.16
 15.63   15.94
 15.34   15.16
