  0.0    4.24
  0.5    3.50
  0.5    4.34
  1.0    3.01
  1.0    3.73
  1.0    4.62
  1.5    2.66
  1.5    3.30
  1.5    4.09
  1.5    5.06
  2.0    2.41
  2.0    2.98
  2.0    3.69
  2.0    4.57
  2.0    5.67
  2.5    2.20
  2.5    2.72
  2.5    3.37
  2.5    4.18
  2.5    5.18
  2.5    6.42
  3.0    2.03
  3.0    2.51
  3.0    3.11
  3.0    3.85
  3.0    4.77
  3.0    5.91
  3.0    7.33
  3.5    1.87
  3.5    2.32
  3.5    2.87
  3.5    3.55
  3.5    4.40
  3.5    5.45
  3.5    6.76
  3.5    8.40
  4.0    1.73
  4.0    2.14
  4.0    2.65
  4.0    3.28
  4.0    4.06
  4.0    5.04
  4.0    6.25
  4.0    7.75
  4.0    9.62
  4.5    1.60
  4.5    1.98
  4.5    2.45
  4.5    3.03
  4.5    3.75
  4.5    4.65
  4.5    5.76
  4.5    7.15
  4.5    8.87
  4.5   11.03
  5.0    1.47
  5.0    1.82
  5.0    2.25
  5.0    2.79
  5.0    3.46
  5.0    4.28
  5.0    5.31
  5.0    6.58
  5.0    8.17
  5.0   10.14
  5.0   12.62
  5.5    1.35
  5.5    1.67
  5.5    2.07
  5.5    2.57
  5.5    3.18
  5.5    3.93
  5.5    4.88
  5.5    6.05
  5.5    7.50
  5.5    9.31
  5.5   11.58
  5.5   14.41
  6.0    1.24
  6.0    1.54
  6.0    1.90
  6.0    2.35
  6.0    2.91
  6.0    3.61
  6.0    4.47
  6.0    5.54
  6.0    6.87
  6.0    8.53
  6.0   10.60
  6.0   13.19
  6.5    1.14
  6.5    1.41
  6.5    1.74
  6.5    2.15
  6.5    2.67
  6.5    3.30
  6.5    4.09
  6.5    5.07
  6.5    6.29
  6.5    7.80
  6.5    9.69
  6.5   12.05
  6.5   15.00
  7.0    1.04
  7.0    1.29
  7.0    1.59
  7.0    1.97
  7.0    2.44
  7.0    3.02
  7.0    3.74
  7.0    4.63
  7.0    5.74
  7.0    7.12
  7.0    8.84
  7.0   10.98
  7.0   13.67
  7.5    0.95
  7.5    1.17
  7.5    1.45
  7.5    1.80
  7.5    2.22
  7.5    2.75
  7.5    3.41
  7.5    4.22
  7.5    5.23
  7.5    6.49
  7.5    8.05
  7.5   10.00
  7.5   12.43
  8.0    0.86
  8.0    1.07
  8.0    1.32
  8.0    1.63
  8.0    2.02
  8.0    2.50
  8.0    3.10
  8.0    3.84
  8.0    4.76
  8.0    5.90
  8.0    7.32
  8.0    9.09
  8.0   11.29
  8.5    0.79
  8.5    0.97
  8.5    1.20
  8.5    1.49
  8.5    1.84
  8.5    2.28
  8.5    2.82
  8.5    3.49
  8.5    4.32
  8.5    5.36
  8.5    6.65
  8.5    8.25
  8.5   10.25
  9.0    0.71
  9.0    0.88
  9.0    1.09
  9.0    1.35
  9.0    1.67
  9.0    2.07
  9.0    2.56
  9.0    3.17
  9.0    3.92
  9.0    4.86
  9.0    6.03
  9.0    7.48
  9.0    9.29
  9.0   11.55
  9.5    0.65
  9.5    0.80
  9.5    0.99
  9.5    1.23
  9.5    1.52
  9.5    1.88
  9.5    2.32
  9.5    2.87
  9.5    3.56
  9.5    4.41
  9.5    5.47
  9.5    6.78
  9.5    8.41
  9.5   10.45
 10.0    0.59
 10.0    0.73
 10.0    0.90
 10.0    1.11
 10.0    1.37
 10.0    1.70
 10.0    2.10
 10.0    2.60
 10.0    3.23
 10.0    3.99
 10.0    4.95
 10.0    6.14
 10.0    7.62
 10.0    9.46
 10.5    0.53
 10.5    0.66
 10.5    0.81
 10.5    1.01
 10.5    1.24
 10.5    1.54
 10.5    1.91
 10.5    2.36
 10.5    2.92
 10.5    3.62
 10.5    4.48
 10.5    5.55
 10.5    6.89
 10.5    8.55
 11.0    0.48
 11.0    0.60
 11.0    0.74
 11.0    0.91
 11.0    1.13
 11.0    1.39
 11.0    1.73
 11.0    2.14
 11.0    2.64
 11.0    3.27
 11.0    4.05
 11.0    5.03
 11.0    6.23
 11.0    7.73
 11.0    9.60
 11.5    0.44
 11.5    0.54
 11.5    0.67
 11.5    0.82
 11.5    1.02
 11.5    1.26
 11.5    1.56
 11.5    1.93
 11.5    2.39
 11.5    2.96
 11.5    3.67
 11.5    4.54
 11.5    5.63
 11.5    6.99
 11.5    8.67
 12.0    0.39
 12.0    0.49
 12.0    0.60
 12.0    0.75
 12.0    0.92
 12.0    1.14
 12.0    1.41
 12.0    1.75
 12.0    2.16
 12.0    2.68
 12.0    3.32
 12.0    4.11
 12.0    5.09
 12.0    6.31
 12.0    7.83
 12.5    0.36
 12.5    0.44
 12.5    0.55
 12.5    0.68
 12.5    0.84
 12.5    1.03
 12.5    1.28
 12.5    1.58
 12.5    1.96
 12.5    2.42
 12.5    3.00
 12.5    3.71
 12.5    4.60
 12.5    5.71
 12.5    7.08
 13.0    0.32
 13.0    0.40
 13.0    0.49
 13.0    0.61
 13.0    0.76
 13.0    0.93
 13.0    1.16
 13.0    1.43
 13.0    1.77
 13.0    2.19
 13.0    2.71
 13.0    3.36
 13.0    4.16
 13.0    5.15
 13.0    6.39
 13.0    7.93
 13.5    0.29
 13.5    0.36
 13.5    0.45
 13.5    0.55
 13.5    0.68
 13.5    0.85
 13.5    1.05
 13.5    1.29
 13.5    1.60
 13.5    1.98
 13.5    2.45
 13.5    3.04
 13.5    3.76
 13.5    4.66
 13.5    5.77
 13.5    7.16
 14.0    0.26
 14.0    0.33
 14.0    0.40
 14.0    0.50
 14.0    0.62
 14.0    0.76
 14.0    0.95
 14.0    1.17
 14.0    1.45
 14.0    1.79
 14.0    2.22
 14.0    2.74
 14.0    3.40
 14.0    4.21
 14.0    5.22
 14.0    6.47
 14.5    0.24
 14.5    0.30
 14.5    0.37
 14.5    0.45
 14.5    0.56
 14.5    0.69
 14.5    0.86
 14.5    1.06
 14.5    1.31
 14.5    1.62
 14.5    2.00
 14.5    2.48
 14.5    3.07
 14.5    3.80
 14.5    4.71
 14.5    5.84
 14.5    7.25
 15.0    0.22
 15.0    0.27
 15.0    0.33
 15.0    0.41
 15.0    0.51
 15.0    0.63
 15.0    0.77
 15.0    0.96
 15.0    1.18
 15.0    1.46
 15.0    1.81
 15.0    2.24
 15.0    2.78
 15.0    3.44
 15.0    4.26
 15.0    5.28
 15.0    6.55
 15.5    0.20
 15.5    0.24
 15.5    0.30
 15.5    0.37
 15.5    0.46
 15.5    0.57
 15.5    0.70
 15.5    0.87
 15.5    1.07
 15.5    1.33
 15.5    1.64
 15.5    2.03
 15.5    2.51
 15.5    3.11
 15.5    3.85
 15.5    4.77
 15.5    5.92
 16.0    0.18
 16.0    0.22
 16.0    0.27
 16.0    0.33
 16.0    0.41
 16.0    0.51
 16.0    0.63
 16.0    0.78
 16.0    0.97
 16.0    1.20
 16.0    1.48
 16.0    1.84
 16.0    2.27
 16.0    2.81
 16.0    3.48
 16.0    4.31
 16.0    5.35
 16.0    6.63
 16.5    0.16
 16.5    0.20
 16.5    0.25
 16.5    0.30
 16.5    0.37
 16.5    0.46
 16.5    0.57
 16.5    0.71
 16.5    0.88
 16.5    1.08
 16.5    1.34
 16.5    1.66
 16.5    2.05
 16.5    2.54
 16.5    3.15
 16.5    3.90
 16.5    4.83
 16.5    5.99
 17.0    0.15
 17.0    0.18
 17.0    0.22
 17.0    0.27
 17.0    0.34
 17.0    0.42
 17.0    0.52
 17.0    0.64
 17.0    0.79
 17.0    0.98
 17.0    1.21
 17.0    1.50
 17.0    1.86
 17.0    2.30
 17.0    2.85
 17.0    3.53
 17.0    4.37
 17.0    5.42
 17.5    0.13
 17.5    0.16
 17.5    0.20
 17.5    0.25
 17.5    0.31
 17.5    0.38
 17.5    0.47
 17.5    0.58
 17.5    0.72
 17.5    0.89
 17.5    1.10
 17.5    1.36
 17.5    1.68
 17.5    2.08
 17.5    2.58
 17.5    3.19
 17.5    3.95
 17.5    4.90
 17.5    6.07
 18.0    0.12
 18.0    0.15
 18.0    0.18
 18.0    0.23
 18.0    0.28
 18.0    0.34
 18.0    0.43
 18.0    0.53
 18.0    0.65
 18.0    0.80
 18.0    1.00
 18.0    1.23
 18.0    1.52
 18.0    1.89
 18.0    2.33
 18.0    2.89
 18.0    3.58
 18.0    4.43
 18.0    5.49
 18.5    0.11
 18.5    0.13
 18.5    0.16
 18.5    0.20
 18.5    0.25
 18.5    0.31
 18.5    0.39
 18.5    0.48
 18.5    0.59
 18.5    0.73
 18.5    0.90
 18.5    1.12
 18.5    1.38
 18.5    1.71
 18.5    2.11
 18.5    2.61
 18.5    3.24
 18.5    4.01
 18.5    4.97
 19.0    0.10
 19.0    0.12
 19.0    0.15
 19.0    0.18
 19.0    0.23
 19.0    0.28
 19.0    0.35
 19.0    0.43
 19.0    0.53
 19.0    0.66
 19.0    0.82
 19.0    1.01
 19.0    1.25
 19.0    1.55
 19.0    1.91
 19.0    2.37
 19.0    2.93
 19.0    3.63
 19.0    4.50
 19.0    5.57
 19.5    0.09
 19.5    0.11
 19.5    0.14
 19.5    0.17
 19.5    0.21
 19.5    0.26
 19.5    0.32
 19.5    0.39
 19.5    0.48
 19.5    0.60
 19.5    0.74
 19.5    0.92
 19.5    1.13
 19.5    1.40
 19.5    1.73
 19.5    2.14
 19.5    2.65
 19.5    3.29
 19.5    4.07
 19.5    5.05
 20.0    0.08
 20.0    0.10
 20.0    0.12
 20.0    0.15
 20.0    0.19
 20.0    0.23
 20.0    0.29
 20.0    0.35
 20.0    0.44
 20.0    0.54
 20.0    0.67
 20.0    0.83
 20.0    1.03
 20.0    1.27
 20.0    1.57
 20.0    1.94
 20.0    2.40
 20.0    2.98
 20.0    3.69
 20.0    4.57
 20.5    0.07
 20.5    0.09
 20.5    0.11
 20.5    0.14
 20.5    0.17
 20.5    0.21
 20.5    0.26
 20.5    0.32
 20.5    0.40
 20.5    0.49
 20.5    0.61
 20.5    0.75
 20.5    0.93
 20.5    1.15
 20.5    1.42
 20.5    1.76
 20.5    2.18
 20.5    2.70
 20.5    3.34
 20.5    4.14
 20.5    5.13
 21.0    0.07
 21.0    0.08
 21.0    0.10
 21.0    0.12
 21.0    0.15
 21.0    0.19
 21.0    0.24
 21.0    0.29
 21.0    0.36
 21.0    0.45
 21.0    0.55
 21.0    0.68
 21.0    0.84
 21.0    1.04
 21.0    1.29
 21.0    1.60
 21.0    1.98
 21.0    2.44
 21.0    3.03
 21.0    3.75
 21.0    4.65
 21.5    0.06
 21.5    0.07
 21.5    0.09
 21.5    0.11
 21.5    0.14
 21.5    0.17
 21.5    0.21
 21.5    0.26
 21.5    0.33
 21.5    0.40
 21.5    0.50
 21.5    0.62
 21.5    0.76
 21.5    0.95
 21.5    1.17
 21.5    1.45
 21.5    1.79
 21.5    2.22
 21.5    2.74
 21.5    3.40
 21.5    4.21
 22.0    0.05
 22.0    0.07
 22.0    0.08
 22.0    0.10
 22.0    0.13
 22.0    0.16
 22.0    0.19
 22.0    0.24
 22.0    0.30
 22.0    0.37
 22.0    0.45
 22.0    0.56
 22.0    0.69
 22.0    0.86
 22.0    1.06
 22.0    1.31
 22.0    1.62
 22.0    2.01
 22.0    2.49
 22.0    3.08
 22.0    3.82
 22.0    4.73
 22.5    0.05
 22.5    0.06
 22.5    0.08
 22.5    0.09
 22.5    0.12
 22.5    0.14
 22.5    0.18
 22.5    0.22
 22.5    0.27
 22.5    0.33
 22.5    0.41
 22.5    0.51
 22.5    0.63
 22.5    0.78
 22.5    0.96
 22.5    1.19
 22.5    1.47
 22.5    1.82
 22.5    2.26
 22.5    2.79
 22.5    3.46
 22.5    4.29
 23.0    0.04
 23.0    0.06
 23.0    0.07
 23.0    0.08
 23.0    0.10
 23.0    0.13
 23.0    0.16
 23.0    0.20
 23.0    0.24
 23.0    0.30
 23.0    0.37
 23.0    0.46
 23.0    0.57
 23.0    0.71
 23.0    0.87
 23.0    1.08
 23.0    1.34
 23.0    1.65
 23.0    2.05
 23.0    2.53
 23.0    3.14
 23.0    3.89
 23.5    0.04
 23.5    0.05
 23.5    0.06
 23.5    0.08
 23.5    0.09
 23.5    0.12
 23.5    0.15
 23.5    0.18
 23.5    0.22
 23.5    0.27
 23.5    0.34
 23.5    0.42
 23.5    0.52
 23.5    0.64
 23.5    0.79
 23.5    0.98
 23.5    1.21
 23.5    1.50
 23.5    1.86
 23.5    2.30
 23.5    2.85
 23.5    3.53
 23.5    4.37
 24.0    0.04
 24.0    0.05
 24.0    0.06
 24.0    0.07
 24.0    0.09
 24.0    0.11
 24.0    0.13
 24.0    0.16
 24.0    0.20
 24.0    0.25
 24.0    0.31
 24.0    0.38
 24.0    0.47
 24.0    0.58
 24.0    0.72
 24.0    0.89
 24.0    1.10
 24.0    1.36
 24.0    1.69
 24.0    2.09
 24.0    2.58
 24.0    3.20
 24.0    3.96
 24.5    0.03
 24.5    0.04
 24.5    0.05
 24.5    0.06
 24.5    0.08
 24.5    0.10
 24.5    0.12
 24.5    0.15
 24.5    0.18
 24.5    0.23
 24.5    0.28
 24.5    0.35
 24.5    0.43
 24.5    0.53
 24.5    0.65
 24.5    0.81
 24.5    1.00
 24.5    1.24
 24.5    1.53
 24.5    1.90
 24.5    2.35
 24.5    2.91
 24.5    3.60
 24.5    4.46
 25.0    0.03
 25.0    0.04
 25.0    0.05
 25.0    0.06
 25.0    0.07
 25.0    0.09
 25.0    0.11
 25.0    0.13
 25.0    0.17
 25.0    0.21
 25.0    0.25
 25.0    0.31
 25.0    0.39
 25.0    0.48
 25.0    0.59
 25.0    0.74
 25.0    0.91
 25.0    1.12
 25.0    1.39
 25.0    1.72
 25.0    2.13
 25.0    2.64
 25.0    3.27
 25.0    4.05
 25.5    0.03
 25.5    0.03
 25.5    0.04
 25.5    0.05
 25.5    0.06
 25.5    0.08
 25.5    0.10
 25.5    0.12
 25.5    0.15
 25.5    0.19
 25.5    0.23
 25.5    0.29
 25.5    0.35
 25.5    0.44
 25.5    0.54
 25.5    0.67
 25.5    0.83
 25.5    1.02
 25.5    1.26
 25.5    1.56
 25.5    1.94
 25.5    2.40
 25.5    2.97
 25.5    3.67
 26.0    0.03
 26.0    0.03
 26.0    0.04
 26.0    0.05
 26.0    0.06
 26.0    0.07
 26.0    0.09
 26.0    0.11
 26.0    0.14
 26.0    0.17
 26.0    0.21
 26.0    0.26
 26.0    0.32
 26.0    0.40
 26.0    0.49
 26.0    0.61
 26.0    0.75
 26.0    0.93
 26.0    1.15
 26.0    1.42
 26.0    1.76
 26.0    2.18
 26.0    2.70
 26.0    3.34
 26.0    4.13
 26.5    0.02
 26.5    0.03
 26.5    0.03
 26.5    0.04
 26.5    0.05
 26.5    0.07
 26.5    0.08
 26.5    0.10
 26.5    0.12
 26.5    0.15
 26.5    0.19
 26.5    0.24
 26.5    0.29
 26.5    0.36
 26.5    0.45
 26.5    0.55
 26.5    0.68
 26.5    0.84
 26.5    1.04
 26.5    1.29
 26.5    1.60
 26.5    1.98
 26.5    2.45
 26.5    3.03
 26.5    3.76
 27.0    0.02
 27.0    0.03
 27.0    0.03
 27.0    0.04
 27.0    0.05
 27.0    0.06
 27.0    0.07
 27.0    0.09
 27.0    0.11
 27.0    0.14
 27.0    0.17
 27.0    0.21
 27.0    0.27
 27.0    0.33
 27.0    0.41
 27.0    0.50
 27.0    0.62
 27.0    0.77
 27.0    0.95
 27.0    1.18
 27.0    1.45
 27.0    1.80
 27.0    2.23
 27.0    2.76
 27.0    3.41
 27.5    0.02
 27.5    0.02
 27.5    0.03
 27.5    0.04
 27.5    0.04
 27.5    0.05
 27.5    0.07
 27.5    0.08
 27.5    0.10
 27.5    0.13
 27.5    0.16
 27.5    0.20
 27.5    0.24
 27.5    0.30
 27.5    0.37
 27.5    0.46
 27.5    0.56
 27.5    0.70
 27.5    0.86
 27.5    1.07
 27.5    1.32
 27.5    1.64
 27.5    2.02
 27.5    2.51
 27.5    3.10
 27.5    3.84
 28.0    0.02
 28.0    0.02
 28.0    0.03
 28.0    0.03
 28.0    0.04
 28.0    0.05
 28.0    0.06
 28.0    0.08
 28.0    0.09
 28.0    0.12
 28.0    0.14
 28.0    0.18
 28.0    0.22
 28.0    0.27
 28.0    0.34
 28.0    0.42
 28.0    0.51
 28.0    0.64
 28.0    0.79
 28.0    0.97
 28.0    1.20
 28.0    1.49
 28.0    1.84
 28.0    2.28
 28.0    2.82
 28.0    3.49
 28.5    0.02
 28.5    0.02
 28.5    0.02
 28.5    0.03
 28.5    0.04
 28.5    0.05
 28.5    0.06
 28.5    0.07
 28.5    0.09
 28.5    0.11
 28.5    0.13
 28.5    0.16
 28.5    0.20
 28.5    0.25
 28.5    0.31
 28.5    0.38
 28.5    0.47
 28.5    0.58
 28.5    0.72
 28.5    0.88
 28.5    1.09
 28.5    1.35
 28.5    1.67
 28.5    2.07
 28.5    2.57
 28.5    3.18
 29.0    0.01
 29.0    0.02
 29.0    0.02
 29.0    0.03
 29.0    0.03
 29.0    0.04
 29.0    0.05
 29.0    0.06
 29.0    0.08
 29.0    0.10
 29.0    0.12
 29.0    0.15
 29.0    0.18
 29.0    0.23
 29.0    0.28
 29.0    0.34
 29.0    0.43
 29.0    0.53
 29.0    0.65
 29.0    0.80
 29.0    1.00
 29.0    1.23
 29.0    1.52
 29.0    1.89
 29.0    2.33
 29.0    2.89
 29.5    0.01
 29.5    0.02
 29.5    0.02
 29.5    0.02
 29.5    0.03
 29.5    0.04
 29.5    0.05
 29.5    0.06
 29.5    0.07
 29.5    0.09
 29.5    0.11
 29.5    0.13
 29.5    0.17
 29.5    0.20
 29.5    0.25
 29.5    0.31
 29.5    0.39
 29.5    0.48
 29.5    0.59
 29.5    0.73
 29.5    0.91
 29.5    1.12
 29.5    1.39
 29.5    1.72
 29.5    2.12
 29.5    2.63
 29.5    3.26
