  51      11.72
  52      11.38
  53      11.00
  54      10.63
  55      11.94
  56      11.53
  57      11.15
  58      10.80
  59      11.82
  60      11.61
  61      11.24
  62      10.86
  63      10.56
  64      10.24
  65      10.33
  66      10.27
  67      10.09
  68       9.85
  69       9.75
  70      10.34
  71       9.99
  72       9.65
  73       9.53
  74       9.28
  75       9.81
  76       9.53
  77       9.43
  78       9.19
  79       8.88
  80       9.84
  81       9.75
  82      11.44
  83      11.29
  84      10.92
  85      11.05
  86      10.88
  87      10.88
  88      10.54
  89      10.98
  90      10.61
  91      10.27
  92      10.33
  93      10.72
  94      10.87
  95      11.16
  96      10.84
  97      11.85
  98      12.83
  99      12.51
 100      12.16
 101      11.89
 102      11.83
 103      11.43
 104      11.85
 105      12.38
 106      12.40
 107      12.03
 108      20.70
 109      20.01
 110      20.11
 111      20.98
 112      20.52
 113      20.04
 114      20.32
 115      20.06
 116      19.40
 117      18.90
 118      18.26
 119      17.64
 120      17.16
 121      16.57
 122      16.03
 123      15.58
 124      15.40
 125      14.91
 126      14.87
 127      14.37
 128      13.88
 129      13.41
 130      13.57
 131      13.36
 132      13.27
 133      13.37
 134      14.31
 135      13.91
 136      13.66
 137      13.23
 138      13.84
 139      13.54
 140      13.95
 141      13.55
 142      13.24
 143      12.97
 144      12.77
 145      12.53
 146      12.13
 147      13.52
 148      14.03
 149      14.22
 150      13.84
 151      14.35
 152      13.99
 153      13.79
 154      13.57
 155      14.04
 156      14.62
 157      18.61
 158      18.00
 159      17.72
 160      17.17
 161      16.65
 162      16.17
 163      15.86
 164      15.52
 165      17.20
 166      16.77
 167      16.77
 168      16.28
 169      16.09
 170      16.69
 171      16.27
 172      15.73
 173      18.09
 174      18.53
 175      18.18
 176      17.72
 177      17.87
 178      17.32
 179      16.78
 180      16.22
 181      16.27
 182      16.02
 183      15.58
 184      15.05
 185      14.57
 186      14.44
 187      13.97
 188      14.15
 189      14.43
 190      14.51
 191      14.08
 192      21.87
 193      22.67
 194      23.37
 195      22.82
 196      22.19
 197      21.56
 198      22.80
 199      22.07
 200      24.57
 201      23.86
 202      25.96
 203      25.12
 204      24.37
 205      26.61
 206      27.53
 207      28.85
 208      27.90
 209      27.51
 210      26.81
 211      26.01
 212      25.13
 213      24.28
 214      23.59
 215      22.84
 216      24.77
 217      24.03
 218      23.58
 219      23.77
 220      22.97
 221      23.55
 222      22.80
 223      22.05
 224      21.60
 225      23.13
 226      22.34
 227      21.87
 228      21.59
 229      22.62
 230      22.20
 231      21.75
 232      25.00
 233      24.21
 234      23.40
 235      24.77
 236      26.88
 237      26.20
 238      25.63
 239      25.05
 240      24.20
 241      23.50
 242      22.78
 243      23.41
 244      23.05
 245      22.31
 246      23.35
 247      23.65
 248      22.95
 249      22.55
 250      21.86
 251      21.14
 252      20.87
 253      20.17
 254      19.62
 255      19.05
 256      18.52
 257      18.00
 258      18.17
 259      17.69
 260      17.64
 261      17.07
 262      16.52
 263      16.05
 264      16.10
 265      15.90
 266      18.18
 267      19.27
 268      18.63
 269      18.50
 270      18.40
 271      17.85
 272      17.44
 273      17.23
 274      19.45
 275      19.03
 276      18.57
 277      17.96
 278      17.81
 279      17.46
 280      18.71
 281      18.30
 282      18.22
 283      17.63
 284      18.13
 285      18.81
 286      18.24
 287      18.01
 288      17.46
 289      16.95
 290      16.60
 291      16.04
 292      15.72
 293      15.19
 294      15.14
 295      14.63
 296      14.32
 297      15.48
 298      15.00
 299      14.67
 300      14.30
 301      14.08
 302      15.09
 303      17.79
 304      17.22
 305      16.77
 306      16.32
 307      15.86
 308      15.50
 309      14.99
 310      14.49
 311      14.00
 312      13.91
 313      14.53
 314      14.09
 315      13.61
 316      13.15
 317      12.71
 318      12.27
 319      11.89
 320      12.02
 321      11.61
 322      11.56
 323      11.24
 324      11.28
 325      10.91
 326      11.74
 327      11.43
 328      12.01
 329      11.61
 330      11.79
 331      11.47
 332      11.08
 333      10.71
 334      10.52
 335      10.80
 336      10.43
 337      11.29
 338      11.07
 339      11.46
 340      11.71
 341      11.70
 342      11.42
 343      11.91
 344      11.65
 345      11.68
 346      11.32
 347      11.47
 348      11.21
 349      10.86
 350      10.59
 351      11.07
 352      10.70
 353      10.36
 354      10.52
 355      11.84
 356      11.96
 357      20.29
 358      19.87
 359      19.21
 360      26.43
 361      26.21
 362      25.75
 363      24.87
 364      24.52
 365      24.59
 366      25.88
 367      25.84
 368      25.90
 369      25.03
 370      24.22
 371      23.50
 372      23.14
 373      24.02
 374      24.87
 375      27.52
 376      32.93
 377      31.81
 378      38.19
 379      39.22
 380      37.90
 381      36.62
 382      39.36
 383      38.58
 384      37.40
 385      36.87
 386      36.10
 387      35.87
 388      34.77
 389      33.60
 390      32.47
 391      31.44
 392      31.44
 393      30.38
 394      30.94
 395      30.16
 396      29.36
 397      28.47
 398      27.60
 399      26.81
 400      26.14
 401      25.33
 402      25.67
 403      24.85
 404      26.04
 405      25.66
 406      25.45
 407      25.54
 408      25.04
 409      24.51
 410      23.67
 411      22.88
 412      22.70
 413      22.95
 414      22.73
 415      23.18
 416      22.41
 417      21.88
 418      25.20
 419      24.34
 420      25.07
 421      24.23
 422      24.17
 423      23.35
 424      22.69
 425      25.29
 426      25.57
 427      25.04
 428      24.82
 429      24.03
 430      26.25
 431      25.43
 432      24.84
 433      26.45
 434      26.43
 435      29.49
 436      28.88
 437      28.18
 438      27.31
 439      26.51
 440      25.73
 441      26.16
 442      25.47
 443      24.60
 444      23.86
 445      23.08
 446      25.20
 447      25.04
 448      24.30
 449      25.81
 450      27.51
 451      27.13
 452      26.21
 453      26.35
 454      27.11
 455      31.98
 456      30.93
 457      30.50
 458      29.68
 459      28.67
 460      27.77
 461      30.00
 462      29.31
 463      28.47
 464      27.59
 465      27.20
 466      26.29
 467      25.52
 468      24.90
 469      24.29
 470      24.37
 471      24.96
 472      24.73
 473      25.33
 474      24.59
 475      30.33
 476      30.37
 477      29.99
 478      33.74
 479      33.00
 480      34.69
 481      36.27
 482      38.16
 483      37.63
 484      37.51
 485      36.52
 486      36.22
 487      36.17
 488      41.00
 489      40.22
 490      38.87
 491      37.96
 492      37.07
 493      36.00
 494      34.80
 495      34.42
 496      33.26
 497      32.36
 498      31.34
 499      30.28
 500      29.25
 501      28.84
 502      27.90
 503      27.06
 504      26.17
 505      26.53
 506      26.27
 507      26.38
 508      25.52
 509      24.66
 510      26.17
 511      26.80
 512      25.92
 513      25.06
 514      24.20
 515      23.40
 516      22.70
 517      21.93
 518      22.04
 519      21.29
 520      20.76
 521      20.20
 522      19.60
 523      18.96
 524      18.36
 525      17.80
 526      17.19
 527      17.21
 528      16.90
 529      16.36
 530      16.48
 531      16.84
 532      16.92
 533      16.87
 534      16.31
 535      16.55
 536      16.16
 537      15.88
 538      15.50
 539      15.47
 540      15.08
 541      14.83
 542      14.33
 543      14.27
 544      13.82
 545      13.42
 546      13.54
 547      13.23
 548      12.90
 549      12.92
 550      13.33
 551      12.90
 552      12.46
 553      12.24
 554      11.82
 555      13.18
 556      13.82
 557      13.93
 558      14.23
 559      14.39
 560      13.90
 561      13.45
 562      13.45
 563      13.10
 564      12.67
 565      12.24
 566      12.13
 567      11.91
 568      11.54
 569      12.03
 570      11.66
 571      11.74
 572      11.36
 573      11.87
 574      13.07
 575      12.63
 576      12.21
 577      12.20
 578      12.12
 579      11.73
 580      11.39
 581      12.03
 582      11.83
 583      11.57
 584      11.33
 585      11.06
 586      11.05
 587      15.19
 588      14.87
 589      17.22
 590      18.04
 591      18.32
 592      17.70
 593      17.47
 594      17.52
 595      17.63
 596      17.22
 597      16.70
 598      16.79
 599      16.22
 600      15.67
 601      15.15
 602      14.69
 603      14.28
 604      13.99
 605      13.51
 606      13.07
 607      14.91
 608      14.71
 609      14.48
 610      14.35
 611      14.99
 612      20.32
 613      20.42
 614      19.84
 615      19.16
 616      18.52
 617      18.53
 618      17.91
 619      20.29
 620      19.65
 621      19.72
 622      19.05
 623      18.41
 624      17.80
 625      17.60
 626      17.76
 627      17.17
 628      16.64
 629      16.13
 630      15.80
 631      15.29
 632      15.01
 633      14.57
 634      14.19
 635      13.77
 636      13.59
 637      14.20
 638      13.80
 639      13.86
 640      16.82
 641      16.39
 642      18.61
 643      18.21
 644      17.75
 645      17.87
 646      17.29
 647      17.86
 648      17.66
 649      17.10
 650      16.53
 651      16.08
 652      15.56
 653      23.51
 654      22.80
 655      22.37
 656      21.63
 657      21.24
 658      20.82
 659      20.11
 660      19.48
 661      20.47
 662      20.03
 663      19.56
 664      19.08
 665      18.43
 666      17.81
 667      17.23
 668      16.75
 669      16.18
 670      15.88
 671      15.40
 672      14.90
 673      14.50
 674      14.03
 675      16.91
 676      17.80
 677      17.27
 678      16.71
 679      16.17
 680      15.63
 681      17.70
 682      17.11
 683      17.13
 684      16.98
 685      17.66
 686      17.16
 687      18.17
 688      18.26
 689      17.82
 690      17.21
 691      17.62
 692      17.04
 693      16.50
 694      15.97
 695      15.73
 696      15.43
 697      16.34
 698      15.79
 699      15.28
 700      14.91
 701      14.40
 702      14.12
 703      13.68
 704      13.59
 705      15.98
 706      17.05
 707      18.71
 708      18.12
 709      17.56
 710      17.30
 711      16.71
 712      16.15
 713      15.83
 714      15.31
 715      14.79
 716      14.43
 717      13.94
 718      13.47
 719      13.33
 720      13.64
 721      14.53
 722      14.04
 723      15.16
 724      15.56
 725      15.60
 726      15.23
 727      14.71
 728      15.00
 729      15.36
 730      16.58
 731      16.98
 732      16.98
 733      16.41
 734      15.89
 735      15.40
 736      14.88
 737      14.71
 738      14.96
 739      15.18
 740      14.87
 741      14.37
 742      13.93
 743      13.72
 744      14.72
 745      14.33
 746      14.26
 747      13.98
 748      13.53
 749      13.18
 750      13.41
 751      13.24
 752      12.80
 753      13.27
 754      13.52
 755      13.53
 756      13.28
 757      12.87
 758      15.11
 759      14.66
 760      14.76
 761      14.38
 762      13.97
 763      15.41
 764      15.23
 765      14.72
 766      14.25
 767      13.93
 768      14.40
 769      13.92
 770      13.45
 771      12.99
 772      12.58
 773      12.15
 774      11.75
 775      11.78
 776      11.38
 777      11.40
 778      11.04
 779      13.59
 780      15.53
 781      15.01
 782      14.57
 783      14.10
 784      13.83
 785      13.41
 786      13.09
 787      12.72
 788      12.31
 789      13.47
 790      13.02
 791      12.85
 792      12.74
 793      12.59
 794      12.27
 795      12.04
 796      12.04
 797      11.75
 798      11.37
 799      11.16
 800      10.97
 801      10.60
 802      10.74
 803      11.63
 804      11.40
 805      11.84
 806      11.79
 807      11.57
 808      11.71
 809      11.31
 810      11.00
 811      10.69
 812      10.70
 813      10.40
 814      10.09
 815       9.91
 816       9.68
 817       9.46
 818       9.53
 819       9.26
 820       9.23
 821       9.42
 822       9.15
 823      10.75
 824      10.87
 825      11.89
 826      11.59
 827      11.29
 828      13.34
 829      13.49
 830      13.03
 831      13.33
 832      12.91
 833      13.91
 834      13.91
 835      13.61
 836      13.85
 837      13.50
 838      13.31
 839      12.99
 840      12.57
 841      12.32
 842      12.62
 843      12.19
 844      13.69
 845      14.63
 846      14.60
 847      14.11
 848      13.64
 849      13.36
 850      13.04
 851      12.60
 852      12.27
 853      12.04
 854      11.70
 855      11.38
 856      10.99
 857      11.27
 858      10.96
 859      10.78
 860      10.43
 861      10.34
 862      11.78
 863      11.60
 864      11.22
 865      11.07
 866      10.70
 867      10.44
 868      10.09
 869       9.80
 870       9.55
 871      11.21
 872      11.52
 873      11.13
 874      10.80
 875      10.85
 876      12.29
 877      12.04
 878      11.72
 879      11.48
 880      11.11
 881      10.84
 882      10.68
 883      10.40
 884      10.05
 885       9.89
 886       9.63
 887       9.39
 888       9.65
 889      12.62
 890      12.26
 891      11.89
 892      11.71
 893      11.38
 894      11.08
 895      10.83
 896      10.46
 897      10.11
 898       9.78
 899       9.60
 900       9.87
 901       9.53
 902      10.71
 903      10.35
 904      10.37
 905      10.72
 906      10.41
 907      10.21
 908       9.88
 909       9.55
 910       9.29
 911       9.11
 912       8.95
 913       8.72
 914       8.59
 915       8.34
 916       8.06
 917       8.04
 918       7.80
 919       7.60
 920       7.34
 921       7.33
 922       7.11
 923       6.96
 924       6.88
 925       6.81
 926       6.69
 927       6.51
 928       6.36
 929       6.65
 930       6.64
 931       6.64
 932       7.01
 933       6.83
 934       6.61
 935       6.85
 936       8.32
 937       8.04
 938       8.41
 939       9.61
 940       9.84
 941       9.65
 942       9.46
 943       9.28
 944       9.04
 945       8.88
 946       8.72
 947       8.88
 948       9.09
 949      10.15
 950       9.84
 951       9.52
 952       9.78
 953       9.92
 954       9.68
 955       9.37
 956       9.23
 957       9.02
 958       8.89
 959       8.65
 960       8.39
 961       8.11
 962       8.21
 963       8.22
 964       9.30
 965       9.00
 966       8.70
 967       8.41
 968       8.14
 969       8.08
 970      10.37
 971      12.85
 972      12.42
 973      12.01
 974      11.74
 975      11.47
 976      11.56
 977      11.88
 978      11.81
 979      11.70
 980      12.30
 981      12.18
 982      11.83
 983      12.55
 984      12.12
 985      11.76
 986      11.38
 987      11.37
 988      11.90
 989      12.85
 990      12.65
 991      14.80
 992      25.37
 993      33.87
 994      33.47
 995      33.16
 996      32.37
 997      31.30
 998      30.43
 999      29.40
1000      28.41
1001      27.48
1002      26.60
1003      26.04
1004      25.59
1005      25.28
1006      26.04
1007      26.10
1008      26.16
1009      26.93
1010      26.18
1011      25.36
1012      24.80
1013      23.96
1014      25.36
1015      24.51
1016      23.79
1017      23.29
1018      22.82
1019      22.63
1020      22.33
1021      21.91
1022      21.82
1023      21.10
1024      21.20
1025      22.14
1026      21.66
1027      21.83
1028      21.15
1029      21.03
1030      22.71
1031      23.23
1032      24.61
1033      23.78
1034      23.83
1035      23.84
1036      23.02
1037      25.31
1038      24.52
1039      23.71
1040      23.14
1041      22.65
1042      21.91
1043      21.68
1044      20.96
1045      20.36
1046      19.89
1047      20.22
1048      20.44
1049      20.96
1050      25.56
1051      24.69
1052      24.23
1053      23.41
1054      22.66
1055      21.97
1056      21.69
1057      21.03
1058      22.51
1059      23.61
1060      22.91
1061      22.31
1062      21.55
1063      20.85
1064      20.15
1065      19.68
1066      19.65
1067      19.25
1068      18.77
1069      20.42
1070      21.28
1071      20.61
1072      25.63
1073      24.79
1074      24.14
1075      23.71
1076      22.95
1077      23.25
1078      22.83
1079      22.34
1080      21.72
1081      21.25
1082      21.02
1083      20.39
1084      20.64
1085      19.95
1086      19.28
1087      18.67
1088      18.44
1089      19.83
1090      20.88
1091      20.69
1092      20.72
1093      20.06
1094      19.75
1095      19.67
1096      19.15
1097      18.50
1098      17.87
1099      17.50
1100      17.32
1101      17.53
1102      16.94
1103      16.65
1104      16.58
1105      16.04
1106      15.50
1107      15.01
1108      14.82
1109      14.31
1110      16.04
1111      15.76
1112      15.56
1113      18.80
1114      18.18
1115      17.60
1116      17.91
1117      17.47
1118      16.94
1119      16.36
1120      16.77
1121      16.42
1122      16.00
1123      16.12
1124      16.19
1125      15.70
1126      16.78
1127      17.17
1128      16.64
1129      16.33
1130      15.77
1131      16.33
1132      16.41
1133      16.09
1134      16.06
1135      15.52
1136      15.28
1137      14.87
1138      14.46
1139      13.99
1140      14.57
1141      14.80
1142      15.91
1143      15.38
1144      15.94
1145      15.46
1146      15.46
1147      15.23
1148      14.91
1149      14.44
1150      14.79
1151      14.32
1152      13.93
1153      15.12
1154      14.62
1155      14.52
1156      14.03
1157      14.01
1158      14.07
1159      13.94
1160      13.55
1161      13.36
1162      12.96
1163      13.09
1164      12.77
1165      15.54
1166      20.65
1167      19.97
1168      19.50
1169      18.93
1170      18.35
1171      17.81
1172      17.22
1173      17.13
1174      17.82
1175      20.66
1176      20.29
1177      20.02
1178      19.51
1179      20.99
1180      20.81
1181      20.73
1182      21.07
1183      20.41
1184      19.79
1185      19.82
1186      20.22
1187      19.99
1188      20.02
1189      21.51
1190      21.02
1191      20.74
1192      20.43
1193      19.78
1194      22.39
1195      21.86
1196      23.79
1197      24.37
1198      23.54
1199      23.94
1200      23.34
1201      22.66
1202      23.62
1203      24.54
1204      24.31
1205      23.81
1206      23.73
1207      22.93
1208      22.43
1209      22.27
1210      22.78
1211      23.54
1212      25.41
1213      25.51
1214      27.63
1215      26.86
1216      30.34
1217      35.28
1218      34.13
1219      33.28
1220      32.15
1221      32.34
1222      31.87
1223      34.32
1224      33.22
1225      32.23
1226      31.20
1227      30.21
1228      29.24
1229      28.25
1230      27.29
1231      26.36
1232      25.62
1233      25.22
1234      25.14
1235      24.52
1236      23.69
1237      22.95
1238      22.34
1239      21.64
1240      21.37
1241      21.40
1242      25.42
1243      25.26
1244      24.77
1245      23.99
1246      23.39
1247      22.92
1248      22.15
1249      22.57
1250      22.29
1251      21.53
1252      22.20
1253      21.62
1254      20.94
1255      20.56
1256      20.11
1257      19.43
1258      18.79
1259      18.63
1260      18.14
1261      18.24
1262      17.69
1263      17.10
1264      17.15
1265      17.18
1266      17.61
1267      17.47
1268      16.91
1269      16.74
1270      16.23
1271      15.74
1272      15.94
1273      15.43
1274      15.08
1275      14.76
1276      15.70
1277      15.44
1278      15.84
1279      15.62
1280      15.23
1281      14.71
1282      14.98
1283      14.57
1284      14.28
1285      14.98
1286      14.64
1287      14.37
1288      14.86
1289      14.47
1290      14.11
1291      14.58
1292      14.15
1293      13.95
1294      13.52
1295      13.15
1296      15.54
1297      15.20
1298      16.71
1299      16.30
1300      17.96
1301      17.55
1302      17.03
1303      18.40
1304      19.18
1305      18.55
1306      18.00
1307      17.53
1308      16.94
1309      16.37
1310      15.85
1311      15.97
1312      15.44
1313      15.22
1314      14.70
1315      14.41
1316      13.92
1317      13.57
1318      13.62
1319      16.30
1320      15.84
1321      17.38
1322      16.98
1323      16.44
1324      17.30
1325      17.91
1326      19.87
1327      19.50
1328      20.26
1329      19.63
1330      19.04
1331      18.40
1332      18.32
1333      18.06
1334      17.54
1335      17.43
1336      17.21
1337      16.78
1338      17.66
1339      18.02
1340      17.84
1341      17.60
1342      17.10
1343      17.04
1344      17.03
1345      16.46
1346      16.53
1347      16.43
1348      15.96
1349      15.53
1350      15.01
1351      15.61
1352      15.08
1353      14.57
1354      14.37
1355      15.17
1356      14.86
1357      14.77
1358      14.29
1359      13.81
1360      13.44
1361      12.98
1362      12.76
1363      12.34
1364      12.27
1365      11.85
1366      12.65
1367      16.12
1368      16.09
1369      17.67
1370      17.53
1371      17.14
1372      19.86
1373      21.09
1374      21.55
1375      21.43
1376      26.51
1377      25.72
1378      25.65
1379      25.72
1380      24.97
1381      24.47
1382      23.65
1383      25.94
1384      25.15
1385      24.62
1386      23.97
1387      23.59
1388      22.79
1389      22.02
1390      21.71
1391      21.76
1392      21.37
1393      20.89
1394      20.45
1395      19.77
1396      19.10
1397      18.83
1398      19.21
1399      18.81
1400      18.28
1401      17.87
1402      17.32
1403      16.73
1404      17.11
1405      16.58
1406      16.16
1407      15.89
1408      16.14
1409      18.34
1410      20.71
1411      20.64
1412      20.82
1413      20.90
1414      21.70
1415      21.45
1416      21.30
1417      21.04
1418      20.36
1419      19.71
1420      20.30
1421      19.61
1422      19.21
1423      19.79
1424      19.23
1425      18.99
1426      18.75
1427      18.14
1428      17.89
1429      17.32
1430      17.28
1431      16.71
1432      20.31
1433      23.10
1434      23.75
1435      24.65
1436      25.36
1437      27.56
1438      26.73
1439      26.44
1440      25.76
1441      24.95
1442      24.45
1443      23.95
1444      23.51
1445      22.75
1446      24.10
1447      23.35
1448      22.71
1449      21.96
1450      21.22
1451      20.77
1452      20.14
1453      19.73
1454      19.61
1455      19.00
1456      19.51
1457      18.86
1458      18.56
1459      17.94
1460      19.18
1461      19.63
1462      19.50
1463      18.93
1464      18.32
1465      17.92
1466      17.61
1467      17.13
1468      16.62
1469      16.07
1470      15.59
1471      15.25
1472      14.83
1473      15.78
1474      15.59
1475      15.39
1476      15.24
1477      15.98
1478      15.75
1479      15.65
1480      15.61
1481      15.49
1482      14.98
1483      14.55
1484      14.14
1485      14.87
1486      14.56
1487      14.30
1488      14.09
1489      16.76
1490      16.20
1491      16.02
1492      16.07
1493      22.97
1494      24.02
1495      23.76
1496      29.74
1497      29.26
1498      28.39
1499      29.23
1500      28.50
1501      27.98
1502      27.12
1503      26.27
1504      25.90
1505      25.22
1506      24.58
1507      24.27
1508      30.32
1509      33.25
1510      33.36
1511      40.62
1512      41.45
1513      44.52
1514      47.30
1515      46.55
1516      48.48
1517      50.86
1518      70.25
1519      69.54
1520      68.51
1521      81.15
1522      79.07
1523      85.81
1524      87.38
1525      93.91
1526      92.15
1527      91.27
1528      89.64
1529      99.99
1530      99.95
1531      98.01
1532      96.72
1533      93.62
1534      90.57
1535      87.62
1536      90.28
1537      88.04
1538      86.06
1539      83.49
1540      84.74
1541      82.13
1542      79.41
1543      76.76
1544      76.52
1545      75.14
1546      84.22
1547      83.63
1548      80.81
1549      78.94
1550      77.32
1551      74.74
1552      72.22
1553      70.41
1554      71.72
1555      69.81
1556      73.58
1557      72.98
1558      70.49
1559      68.52
1560      66.23
1561      66.47
1562      64.32
1563      63.81
1564      64.92
1565      62.81
1566      60.74
1567      67.15
1568      66.09
1569      65.22
1570      63.43
1571      61.27
1572      60.40
1573      58.41
1574      57.43
1575      55.61
1576      54.21
1577      53.16
1578      54.01
1579      52.18
1580      60.42
1581      59.77
1582      58.45
1583      60.60
1584      68.87
1585      67.10
1586      64.82
1587      63.29
1588      62.58
1589      60.50
1590      59.01
1591      57.14
1592      55.25
1593      56.76
1594      55.18
1595      55.13
1596      53.66
1597      51.96
1598      51.04
1599      49.42
1600      47.83
1601      47.41
1602      45.80
1603      47.38
1604      47.53
1605      45.91
1606      46.38
1607      45.11
1608      43.69
1609      42.79
1610      42.43
1611      45.96
1612      45.41
1613      43.87
1614      42.45
1615      41.45
1616      40.33
1617      39.22
1618      42.92
1619      41.51
1620      40.12
1621      40.54
1622      39.32
1623      38.03
1624      36.78
1625      36.94
1626      35.93
1627      35.63
1628      35.85
1629      34.68
1630      33.92
1631      32.83
1632      32.03
1633      31.57
1634      30.65
1635      31.99
1636      33.54
1637      33.56
1638      32.53
1639      32.92
1640      32.68
1641      32.00
1642      31.02
1643      29.97
1644      28.95
1645      29.52
1646      28.62
1647      29.49
1648      28.51
1649      27.66
1650      27.07
1651      31.45
1652      30.37
1653      30.08
1654      30.24
1655      30.92
1656      32.65
1657      31.55
1658      30.71
1659      30.70
1660      31.99
1661      30.91
1662      33.14
1663      32.06
1664      32.38
1665      31.57
1666      30.52
1667      36.53
1668      35.80
1669      34.60
1670      33.77
1671      32.63
1672      31.73
1673      30.93
1674      30.98
1675      30.12
1676      29.83
1677      35.70
1678      35.46
1679      35.61
1680      35.01
1681      37.26
1682      40.33
1683      39.20
1684      41.61
1685      40.80
1686      39.48
1687      38.14
1688      37.16
1689      63.20
1690      61.05
1691      59.12
1692      58.82
1693      57.67
1694      60.53
1695      58.72
1696      58.81
1697      56.84
1698      55.14
1699      59.67
1700      63.81
1701      62.69
1702      60.87
1703      62.46
1704      60.47
1705      60.39
1706      58.40
1707      58.38
1708      56.91
1709      56.60
1710      54.94
1711      54.33
1712      52.52
1713      52.85
1714      51.67
1715      50.30
1716      48.63
1717      47.50
1718      46.50
1719      45.44
1720      44.21
1721      42.74
1722      41.31
1723      40.17
1724      38.94
1725      37.80
1726      36.62
1727      40.54
1728      40.53
1729      39.28
1730      38.22
1731      38.97
1732      38.73
1733      37.70
1734      39.78
1735      43.21
1736      42.53
1737      41.48
1738      41.77
1739      40.76
1740      39.64
1741      39.34
1742      38.28
1743      37.54
1744      37.86
1745      36.57
1746      35.92
1747      38.25
1748      37.78
1749      39.00
1750      41.61
1751      41.83
1752      40.60
1753      40.54
1754      39.55
1755      40.16
1756      39.32
1757      38.52
1758      37.31
1759      39.10
1760      38.19
1761      38.89
1762      38.18
1763      38.27
1764      40.02
1765      38.73
1766      37.56
1767      39.61
1768      41.29
1769      39.89
1770      39.04
1771      39.77
1772      38.53
1773      37.48
1774      37.69
1775      37.43
1776      36.20
1777      39.20
1778      37.93
1779      36.88
1780      35.98
1781      35.74
1782      34.54
1783      35.19
1784      34.06
1785      33.29
1786      32.76
1787      33.66
1788      33.13
1789      32.02
1790      30.98
1791      30.23
1792      29.21
1793      28.35
1794      27.43
1795      29.03
1796      28.15
1797      27.28
1798      26.39
1799      26.92
1800      26.53
1801      26.18
1802      25.38
1803      24.53
1804      24.30
1805      26.53
1806      26.29
1807      28.02
1808      29.34
1809      28.46
1810      30.14
1811      29.38
1812      28.98
1813      28.01
1814      30.04
1815      29.26
1816      28.71
1817      29.55
1818      30.11
1819      31.33
1820      31.83
1821      30.76
1822      29.71
1823      29.10
1824      29.60
1825      29.00
1826      28.13
1827      27.20
1828      30.11
1829      29.27
1830      28.32
1831      27.41
1832      26.61
1833      26.71
1834      26.03
1835      25.15
1836      24.59
1837      23.76
1838      27.39
1839      26.50
1840      28.95
1841      29.88
1842      32.48
1843      32.35
1844      31.40
1845      30.37
1846      29.35
1847      30.23
1848      29.31
1849      28.47
1850      27.52
1851      26.59
1852      28.23
1853      28.01
1854      27.12
1855      27.23
1856      26.30
1857      25.48
1858      26.25
1859      25.67
1860      27.28
1861      29.90
1862      29.23
1863      31.18
1864      30.48
1865      29.44
1866      30.26
1867      29.59
1868      28.71
1869      28.18
1870      28.83
1871      27.85
1872      27.26
1873      28.03
1874      27.20
1875      26.70
1876      26.21
1877      26.27
1878      25.40
1879      25.52
1880      25.00
1881      24.88
1882      24.20
1883      24.93
1884      27.15
1885      26.22
1886      30.44
1887      29.60
1888      28.60
1889      28.17
1890      28.36
1891      27.75
1892      27.23
1893      26.91
1894      27.86
1895      26.95
1896      26.14
1897      25.53
1898      24.66
1899      23.84
1900      25.35
1901      25.18
1902      27.99
1903      27.38
1904      26.89
1905      28.18
1906      27.22
1907      28.92
1908      31.21
1909      30.37
1910      31.77
1911      30.99
1912      29.94
1913      29.82
1914      32.36
1915      31.71
1916      30.64
1917      30.53
1918      29.51
1919      30.32
1920      29.57
1921      28.64
1922      27.69
1923      27.47
1924      26.82
1925      25.90
1926      25.77
1927      24.99
1928      25.27
1929      24.57
1930      25.05
1931      26.01
1932      27.30
1933      26.39
1934      25.52
1935      25.73
1936      25.36
1937      25.14
1938      24.48
1939      23.96
1940      23.57
1941      23.11
1942      26.05
1943      25.18
1944      24.52
1945      23.95
1946      23.50
1947      23.14
1948      22.79
1949      29.07
1950      28.65
1951      29.71
1952      28.78
1953      31.32
1954      30.34
1955      31.54
1956      30.47
1957      31.16
1958      30.21
1959      29.55
1960      28.91
1961      27.95
1962      27.02
1963      26.23
1964      26.89
1965      25.98
1966      25.16
1967      24.31
1968      25.13
1969      25.00
1970      25.88
1971      25.22
1972      24.36
1973      24.25
1974      23.47
1975      22.95
1976      22.30
1977      21.71
1978      26.24
1979      29.69
1980      29.12
1981      29.74
1982      28.93
1983      28.05
1984      32.14
1985      31.07
1986      30.16
1987      30.02
1988      29.80
1989      28.79
1990      27.82
1991      27.57
1992      26.86
1993      28.62
1994      27.96
1995      27.51
1996      26.59
1997      25.95
1998      36.36
1999      35.13
2000      34.28
2001      34.29
2002      33.48
2003      34.05
2004      33.52
2005      32.61
2006      33.16
2007      32.64
2008      31.94
2009      30.91
2010      29.87
2011      29.21
2012      28.61
2013      27.69
2014      27.24
2015      28.54
2016      27.74
2017      27.08
2018      27.10
2019      26.30
2020      29.73
2021      32.31
2022      31.36
2023      38.24
2024      39.07
2025      37.80
2026      39.36
2027      44.64
2028      43.14
2029      43.08
2030      41.64
2031      44.25
2032      42.78
2033      41.83
2034      40.43
2035      40.06
2036      40.38
2037      39.07
2038      38.38
2039      37.53
2040      36.35
2041      35.11
2042      33.98
2043      33.14
2044      32.74
2045      32.78
2046      34.67
2047      34.57
2048      33.89
2049      33.09
2050      32.14
2051      31.26
2052      30.21
2053      29.50
2054      29.87
2055      32.00
2056      30.91
2057      32.09
2058      33.39
2059      33.54
2060      32.87
2061      32.86
2062      35.71
2063      35.05
2064      34.44
2065      46.45
2066      44.95
2067      44.25
2068      42.80
2069      43.11
2070      42.74
2071      41.62
2072      40.73
2073      39.40
2074      38.20
2075      38.00
2076      36.77
2077      36.46
2078      35.25
2079      34.29
2080      33.79
2081      33.58
2082      32.44
2083      31.90
2084      30.83
2085      35.22
2086      34.37
2087      34.36
2088      34.03
2089      37.90
2090      36.62
2091      35.75
2092      37.72
2093      43.47
2094      49.15
2095      50.19
2096      50.04
2097      49.01
2098      48.40
2099      48.12
2100      48.89
2101      48.61
2102      47.84
2103      47.97
2104      46.92
2105      47.18
2106      45.58
2107      44.07
2108      42.92
2109      41.49
2110      40.91
2111      40.11
2112      39.49
2113      39.52
2114      38.44
2115      37.76
2116      36.61
2117      37.91
2118      36.66
2119      36.50
2120      35.58
2121      39.29
2122      39.34
2123      38.05
2124      39.09
2125      41.53
2126      40.55
2127      39.24
2128      38.65
2129      37.54
2130      37.09
2131      36.00
2132      35.54
2133      34.55
2134      33.53
2135      33.81
2136      32.69
2137      31.57
2138      35.12
2139      34.01
2140      32.92
2141      32.20
2142      32.51
2143      35.08
2144      34.03
2145      33.69
2146      33.40
2147      32.38
2148      31.47
2149      30.58
2150      30.34
2151      29.68
2152      30.24
2153      30.90
2154      32.15
2155      31.84
2156      30.75
2157      29.90
2158      29.62
2159      28.67
2160      35.28
2161      35.11
2162      35.00
2163      36.96
2164      35.71
2165      35.07
2166      40.23
2167      41.64
2168      43.51
2169      43.76
2170      42.47
2171      41.98
2172      40.70
2173      39.36
2174      40.63
2175      40.71
2176      39.76
2177      38.41
2178      39.06
2179      37.73
2180      37.24
2181      36.09
2182      34.97
2183      34.13
2184      33.00
2185      34.08
2186      32.92
2187      32.05
2188      32.10
2189      31.50
2190      30.76
2191      30.10
2192      29.11
2193      33.58
2194      33.00
2195      34.35
2196      33.25
2197      32.23
2198      31.44
2199      30.38
2200      29.56
2201      28.84
2202      30.28
2203      29.32
2204      28.36
2205      30.04
2206      29.14
2207      28.30
2208      27.41
2209      26.70
2210      28.14
2211      29.49
2212      28.50
2213      27.69
2214      26.97
2215      27.94
2216      27.36
2217      26.60
2218      26.00
2219      25.28
2220      24.48
2221      24.39
2222      24.14
2223      24.75
2224      26.25
2225      25.99
2226      25.99
2227      25.30
2228      24.79
2229      27.81
2230      26.88
2231      27.55
2232      27.07
2233      27.24
2234      27.02
2235      26.53
2236      26.52
2237      25.61
2238      24.75
2239      25.35
2240      24.63
2241      24.94
2242      24.18
2243      23.67
2244      22.96
2245      27.66
2246      27.75
2247      27.78
2248      28.26
2249      27.66
2250      29.65
2251      28.78
2252      27.81
2253      29.32
2254      28.55
2255      27.62
2256      31.82
2257      31.09
2258      30.42
2259      29.40
2260      28.43
2261      31.69
2262      30.61
2263      30.05
2264      29.27
2265      28.27
2266      27.32
2267      26.49
2268      25.85
2269      25.04
2270      24.74
2271      24.18
2272      24.67
2273      24.57
2274      23.94
2275      23.68
2276      23.36
2277      22.61
2278      29.90
2279      28.98
2280      28.41
2281      29.46
2282      33.89
2283      34.06
2284      33.23
2285      32.10
2286      32.29
2287      31.61
2288      31.34
2289      30.34
2290      29.31
2291      37.27
2292      36.22
2293      35.68
2294      35.13
2295      33.98
2296      32.96
2297      31.84
2298      30.81
2299      29.78
2300      29.15
2301      29.28
2302      28.31
2303      27.54
2304      26.64
2305      26.88
2306      26.61
2307      25.98
2308      25.57
2309      25.26
2310      27.53
2311      31.24
2312      31.24
2313      31.02
2314      31.66
2315      30.63
2316      29.58
2317      29.05
2318      29.03
2319      28.04
2320      27.23
2321      28.13
2322      28.69
2323      27.96
2324      27.08
2325      26.62
2326      26.31
2327      25.83
2328      26.01
2329      25.27
2330      24.68
2331      24.95
2332      24.55
2333      25.56
2334      24.76
2335      24.15
2336      25.08
2337      24.26
2338      23.63
2339      23.12
2340      22.33
2341      22.13
2342      21.56
2343      21.03
2344      22.39
2345      22.11
2346      21.48
2347      21.05
2348      21.71
2349      20.99
2350      20.55
2351      20.48
2352      19.90
2353      19.24
2354      18.70
2355      23.69
2356      22.90
2357      22.94
2358      22.72
2359      22.04
2360      22.58
2361      25.99
2362      25.17
2363      24.38
2364      23.72
2365      24.02
2366      23.28
2367      23.40
2368      22.61
2369      21.96
2370      21.25
2371      21.11
2372      23.74
2373      23.05
2374      22.85
2375      23.20
2376      22.44
2377      21.69
2378      21.05
2379      21.50
2380      20.87
2381      21.14
2382      20.42
2383      24.08
2384      24.26
2385      24.75
2386      24.70
2387      24.37
2388      23.65
2389      23.13
2390      22.56
2391      22.99
2392      22.48
2393      21.85
2394      21.48
2395      20.78
2396      21.85
2397      21.10
2398      20.69
2399      20.08
2400      20.31
2401      20.28
2402      22.97
2403      22.48
2404      22.93
2405      23.03
2406      22.50
2407      21.76
2408      21.26
2409      21.34
2410      20.62
2411      20.45
2412      19.76
2413      23.32
2414      22.66
2415      22.83
2416      23.08
2417      22.31
2418      26.47
2419      27.19
2420      27.14
2421      29.90
2422      28.93
2423      31.60
2424      30.52
2425      32.27
2426      31.17
2427      30.58
2428      30.10
2429      29.07
2430      28.96
2431      28.61
2432      27.93
2433      26.98
2434      26.33
2435      26.62
2436      25.74
2437      24.86
2438      24.03
2439      26.84
2440      26.41
2441      26.52
2442      26.42
2443      26.01
2444      25.13
2445      24.48
2446      24.03
2447      23.31
2448      22.65
2449      22.39
2450      23.84
2451      23.10
2452      22.31
2453      21.62
2454      21.01
2455      20.43
2456      19.73
2457      20.03
2458      19.42
2459      18.78
2460      18.28
2461      19.37
2462      19.48
2463      19.03
2464      18.98
2465      18.34
2466      18.87
2467      18.59
2468      21.08
2469      20.55
2470      20.08
2471      20.14
2472      20.63
2473      20.01
2474      19.34
2475      18.71
2476      18.17
2477      18.54
2478      17.93
2479      19.89
2480      19.52
2481      19.19
2482      18.57
2483      19.21
2484      19.24
2485      19.02
2486      18.37
2487      18.53
2488      20.16
2489      19.71
2490      19.05
2491      18.41
2492      17.79
2493      17.80
2494      18.61
2495      20.78
2496      20.38
2497      19.69
2498      20.22
2499      21.11
2500      20.46
2501      19.83
2502      19.23
2503      18.79
2504      18.15
2505      18.89
2506      20.22
2507      20.33
2508      20.95
2509      20.33
2510      22.91
2511      22.13
2512      21.72
2513      22.59
2514      21.82
2515      21.39
2516      20.72
2517      20.03
2518      19.39
2519      18.74
2520      18.83
2521      19.07
2522      19.11
2523      18.97
2524      18.47
2525      18.25
2526      17.80
2527      17.39
2528      17.42
2529      18.33
2530      17.72
2531      17.54
2532      17.18
2533      16.60
2534      16.13
2535      15.58
2536      15.64
2537      15.42
2538      15.49
2539      15.63
2540      15.34
