 0.5 4.240000
 1.0 4.082130
 1.5 3.979593
 2.0 3.918904
 2.5 3.889573
 3.0 3.883464
 3.5 3.894289
 4.0 3.917210
 4.5 3.948523
 5.0 3.985409
 5.5 4.025740
 6.0 4.067923
 6.5 4.110780
 7.0 4.153453
 7.5 4.195331
 8.0 4.235989
 8.5 4.275144
 9.0 4.312624
 9.5 4.348332
10.0 4.382234
10.5 4.414336
11.0 4.444677
11.5 4.473313
12.0 4.500317
12.5 4.525769
13.0 4.549754
13.5 4.572356
14.0 4.593662
14.5 4.613753
15.0 4.632711
15.5 4.650611
16.0 4.667525
16.5 4.683520
17.0 4.698660
17.5 4.713003
18.0 4.726605
18.5 4.739516
19.0 4.751782
19.5 4.763448
20.0 4.774554
20.5 4.785136
21.0 4.795228
21.5 4.804863
22.0 4.814070
22.5 4.822875
23.0 4.831303
23.5 4.839377
24.0 4.847119
24.5 4.854547
25.0 4.861682
25.5 4.868538
26.0 4.875132
26.5 4.881479
27.0 4.887591
27.5 4.893483
28.0 4.899164
28.5 4.904647
29.0 4.909941
29.5 4.915055
30.0 4.920000
