  8.0   14.06
  8.5   12.75
  9.0   14.37
  9.5   13.00
 10.0   11.76
 10.0   14.63
 10.5   10.63
 10.5   13.22
 11.0   11.94
 11.0   14.86
 11.5   10.78
 11.5   13.41
 12.0    9.73
 12.0   12.10
 12.5    8.79
 12.5   10.92
 12.5   13.58
 13.0    9.85
 13.0   12.25
 13.5    8.89
 13.5   11.05
 13.5   13.75
 14.0    8.03
 14.0    9.97
 14.0   12.40
 14.5    9.00
 14.5   11.19
 14.5   13.92
 15.0    8.13
 15.0   10.09
 15.0   12.55
 15.5    7.34
 15.5    9.11
 15.5   11.33
 15.5   14.10
 16.0    8.23
 16.0   10.22
 16.0   12.71
 16.5    7.43
 16.5    9.23
 16.5   11.47
 16.5   14.28
 17.0    6.72
 17.0    8.34
 17.0   10.36
 17.0   12.89
 17.5    7.54
 17.5    9.36
 17.5   11.63
 17.5   14.48
 18.0    6.81
 18.0    8.46
 18.0   10.51
 18.0   13.07
 18.5    6.16
 18.5    7.65
 18.5    9.49
 18.5   11.80
 18.5   14.69
 19.0    6.91
 19.0    8.58
 19.0   10.66
 19.0   13.27
 19.5    6.26
 19.5    7.76
 19.5    9.64
 19.5   11.99
 19.5   14.92
 20.0    5.66
 20.0    7.02
 20.0    8.72
 20.0   10.84
 20.0   13.48
 20.5    6.36
 20.5    7.89
 20.5    9.80
 20.5   12.19
 21.0    5.76
 21.0    7.14
 21.0    8.87
 21.0   11.02
 21.0   13.71
 21.5    5.22
 21.5    6.47
 21.5    8.03
 21.5    9.97
 21.5   12.40
 22.0    5.86
 22.0    7.27
 22.0    9.03
 22.0   11.22
 22.0   13.96
 22.5    5.31
 22.5    6.59
 22.5    8.18
 22.5   10.16
 22.5   12.63
 23.0    4.82
 23.0    5.97
 23.0    7.41
 23.0    9.20
 23.0   11.43
 23.0   14.23
 23.5    5.42
 23.5    6.72
 23.5    8.34
 23.5   10.36
 23.5   12.88
 24.0    4.91
 24.0    6.09
 24.0    7.56
 24.0    9.38
 24.0   11.66
 24.0   14.52
 24.5    5.53
 24.5    6.85
 24.5    8.51
 24.5   10.57
 24.5   13.15
 25.0    5.01
 25.0    6.22
 25.0    7.71
 25.0    9.58
 25.0   11.91
 25.0   14.83
 25.5    4.55
 25.5    5.64
 25.5    7.00
 25.5    8.69
 25.5   10.80
 25.5   13.43
 26.0    5.12
 26.0    6.35
 26.0    7.88
 26.0    9.79
 26.0   12.17
 26.5    4.65
 26.5    5.77
 26.5    7.16
 26.5    8.88
 26.5   11.04
 26.5   13.74
 27.0    4.23
 27.0    5.24
 27.0    6.50
 27.0    8.06
 27.0   10.02
 27.0   12.46
 27.5    4.76
 27.5    5.90
 27.5    7.32
 27.5    9.09
 27.5   11.30
 27.5   14.06
 28.0    4.33
 28.0    5.36
 28.0    6.65
 28.0    8.26
 28.0   10.26
 28.0   12.75
 28.5    3.93
 28.5    4.88
 28.5    6.04
 28.5    7.50
 28.5    9.31
 28.5   11.58
 28.5   14.41
 29.0    3.58
 29.0    4.43
 29.0    5.49
 29.0    6.82
 29.0    8.46
 29.0   10.51
 29.0   13.07
 29.5    4.03
 29.5    5.00
 29.5    6.20
 29.5    7.69
 29.5    9.55
 29.5   11.87
 29.5   14.77
