  -5.00000     0.00000
  -4.75000     0.29719
  -4.50000     0.03026
  -4.25000     0.03895
  -4.00000     0.04467
  -3.75000     0.04742
  -3.50000     0.04687
  -3.25000     0.03961
  -3.00000     0.04192
  -2.75000     0.03257
  -2.50000     0.02839
  -2.25000     0.03664
  -2.00000     0.05843
  -1.75000     0.08252
  -1.50000     0.12819
  -1.25000     0.19574
  -1.00000     0.34197
  -0.75000     0.42021
  -0.50000     0.54124
  -0.25000     0.77362
   0.00000     0.79431
   0.25000     0.84987
   0.50000     0.90236
   0.75000     0.97278
   1.00000     0.78749
   1.25000     0.67779
   1.50000     0.61078
   1.75000     0.41426
   2.00000     0.28586
   2.25000     0.19838
   2.50000     0.14260
   2.75000     0.07229
   3.00000     0.04445
   3.25000     0.02663
   3.50000     0.00946
   3.75000     0.00539
   4.00000     0.00363
   4.25000     0.00132
   4.50000     0.00044
   4.75000     0.00000
   5.00000     0.00000
