  -5.00000     0.00000
  -4.75000     0.00000
  -4.50000     0.00011
  -4.25000     0.00000
  -4.00000     0.00033
  -3.75000     0.00022
  -3.50000     0.00078
  -3.25000     0.00279
  -3.00000     0.00758
  -2.75000     0.01259
  -2.50000     0.02785
  -2.25000     0.06484
  -2.00000     0.09937
  -1.75000     0.16677
  -1.50000     0.28665
  -1.25000     0.37822
  -1.00000     0.51514
  -0.75000     0.74943
  -0.50000     0.81972
  -0.25000     0.90305
   0.00000     1.05234
   0.25000     0.93882
   0.50000     0.88556
   0.75000     0.88356
   1.00000     0.65061
   1.25000     0.50166
   1.50000     0.41409
   1.75000     0.24999
   2.00000     0.17067
   2.25000     0.11720
   2.50000     0.05793
   2.75000     0.03398
   3.00000     0.02250
   3.25000     0.00702
   3.50000     0.00290
   3.75000     0.00134
   4.00000     0.00022
   4.25000     0.00045
   4.50000     0.00011
   4.75000     0.00011
   5.00000     0.00000
