  -5.00000     0.00000
  -4.75000     0.00000
  -4.50000     0.00000
  -4.25000     0.00000
  -4.00000     0.00022
  -3.75000     0.00056
  -3.50000     0.00111
  -3.25000     0.00223
  -3.00000     0.00824
  -2.75000     0.01471
  -2.50000     0.02975
  -2.25000     0.06517
  -2.00000     0.09614
  -1.75000     0.16845
  -1.50000     0.28977
  -1.25000     0.37689
  -1.00000     0.52149
  -0.75000     0.75043
  -0.50000     0.79599
  -0.25000     0.87487
   0.00000     1.07618
   0.25000     0.94160
   0.50000     0.90506
   0.75000     0.88657
   1.00000     0.64470
   1.25000     0.49531
   1.50000     0.41777
   1.75000     0.25300
   2.00000     0.16778
   2.25000     0.11386
   2.50000     0.06239
   2.75000     0.03186
   3.00000     0.02050
   3.25000     0.00691
   3.50000     0.00345
   3.75000     0.00189
   4.00000     0.00078
   4.25000     0.00033
   4.50000     0.00022
   4.75000     0.00000
   5.00000     0.00033
