0.885702 0.237523
0.770956 0.105105
0.492203 0.034452
0.680077 0.305365
0.899279 0.180922
0.330327 0.029552
0.429875 0.021877
0.867721 0.435106
0.693488 0.372900
0.592224 0.079381
0.771472 0.051807
0.805867 0.439445
0.802091 0.015312
0.819820 0.254240
0.715945 0.419086
0.710236 0.027827
0.930480 0.641763
0.917894 0.607798
0.524205 0.040425
0.929068 0.618988
0.879950 0.576220
0.932018 0.681851
0.947393 0.676827
0.870278 0.134305
0.965418 0.320675
0.900515 0.115461
0.562049 0.135714
0.701587 0.180371
0.947052 0.448085
0.767160 0.384120
0.731158 0.007187
0.554146 0.151745
0.832238 0.026469
0.741100 0.101593
0.959913 0.232746
0.977860 0.846550
0.535708 0.266016
0.973308 0.854414
0.602758 0.041585
0.976419 0.632689
0.588792 0.034823
0.865338 0.561937
0.757087 0.046521
0.905794 0.680570
0.665625 0.138490
0.861915 0.377942
0.810434 0.351860
0.706899 0.138716
0.991717 0.443597
0.791190 0.616218
0.816162 0.536274
0.858591 0.287202
0.469492 0.118082
0.711106 0.085658
0.269825 0.055660
0.462443 0.198928
0.585403 0.252091
0.689998 0.174101
0.610078 0.230205
0.951848 0.378262
0.899360 0.404458
0.650508 0.238277
0.886303 0.394942
0.827451 0.272801
0.787388 0.174529
0.805770 0.533225
0.745418 0.047631
0.865141 0.415957
0.741036 0.312121
0.774535 0.392346
0.870744 0.164904
0.742226 0.409006
0.839672 0.412496
0.798721 0.428040
0.633540 0.051524
0.350393 0.064738
0.828810 0.366022
0.418415 0.011014
0.751225 0.412980
0.853271 0.506162
0.651309 0.022232
0.550866 0.273874
0.913511 0.436496
0.517982 0.021753
0.873296 0.234311
0.302779 0.022395
0.931325 0.089722
0.737263 0.118683
0.622871 0.070852
0.745052 0.504597
0.910682 0.486711
0.878218 0.703833
0.756819 0.375908
0.731501 0.456207
0.961343 0.398872
0.892882 0.717887
0.843392 0.312528
0.617421 0.100753
0.344918 0.013696
0.572959 0.287000
0.794078 0.563276
0.379240 0.010080
0.834843 0.181113
0.806291 0.243439
0.988248 0.006764
0.956615 0.453056
0.915260 0.227716
0.664981 0.325127
0.973279 0.408773
0.926269 0.253728
0.977349 0.433190
0.816301 0.404919
0.819834 0.016089
0.097617 0.001961
0.926421 0.697259
0.873903 0.163526
0.871836 0.078320
0.849551 0.272435
0.826885 0.076801
0.917797 0.621563
0.925211 0.229302
0.996899 0.587214
0.993488 0.396883
0.934181 0.555639
0.669947 0.330425
0.980470 0.703367
0.996740 0.496076
0.710882 0.341663
0.550665 0.074709
0.835564 0.492802
0.311074 0.017391
0.977303 0.157269
0.914625 0.829458
0.976898 0.072076
0.959892 0.203302
0.765074 0.022415
0.521634 0.132845
0.898723 0.774748
0.774712 0.521555
0.906917 0.645547
0.718651 0.406331
0.571231 0.139482
0.770086 0.369912
0.360643 0.127700
0.876599 0.413360
0.742737 0.102649
0.978800 0.450857
0.861090 0.711252
0.641016 0.038968
0.758263 0.021329
0.914285 0.796540
0.974677 0.175193
0.817724 0.548338
0.758090 0.564336
0.502939 0.035650
0.878764 0.284433
0.773089 0.586779
0.440735 0.114133
0.967885 0.407939
0.882586 0.658974
0.418258 0.021380
0.588685 0.134941
0.736016 0.394912
0.618974 0.120395
0.222844 0.010410
0.479274 0.106077
0.280768 0.054239
0.964204 0.271979
0.730223 0.442844
0.816792 0.066626
0.936655 0.669770
0.872035 0.341784
0.891019 0.668668
0.876483 0.480880
0.866043 0.062432
0.992513 0.025476
0.852321 0.127311
0.874084 0.004718
0.991832 0.352714
0.729126 0.476464
0.335343 0.100204
0.915602 0.518983
0.840981 0.576513
0.483116 0.153656
0.607365 0.021774
0.830958 0.124010
0.892374 0.794870
0.542073 0.031400
0.702430 0.293492
0.769622 0.095055
0.659187 0.263895
0.578113 0.174195
0.724902 0.063028
0.690642 0.193333
0.482765 0.121294
0.958535 0.156118
0.452457 0.203453
0.562253 0.049993
0.693685 0.228707
0.966450 0.902119
0.915996 0.076203
0.970594 0.438332
0.952421 0.108960
0.726901 0.249123
0.771034 0.466401
0.735447 0.098680
0.937799 0.370684
0.432427 0.038375
0.954958 0.316213
0.992901 0.473731
0.690914 0.077689
0.388341 0.133692
0.520033 0.109640
0.683295 0.181218
0.771567 0.173146
0.996144 0.678974
0.991946 0.171488
0.815907 0.083861
0.828901 0.364658
0.929567 0.330895
0.923083 0.061984
0.830590 0.427010
0.641452 0.344083
0.855123 0.636400
0.930297 0.472314
0.730399 0.263814
0.890083 0.651144
0.997275 0.271580
0.359454 0.054052
0.833946 0.276344
0.915119 0.533045
0.892241 0.269587
0.849027 0.353982
0.381995 0.131521
0.826156 0.377220
0.654410 0.072865
0.971588 0.620113
0.952655 0.032202
0.306799 0.023635
0.574502 0.218564
0.858040 0.688073
0.940902 0.449806
0.344066 0.115994
0.653922 0.058117
0.567667 0.064314
0.607891 0.266024
0.845514 0.525850
0.411427 0.023908
0.396748 0.125611
0.461366 0.122636
0.936228 0.674702
0.948906 0.613823
0.789478 0.247465
0.696971 0.240817
0.626723 0.216342
0.979951 0.079660
0.632140 0.326393
0.905078 0.227652
0.511515 0.257897
0.760768 0.510838
0.889391 0.367351
0.994923 0.902686
0.711049 0.026945
0.973589 0.743779
0.617840 0.183102
0.880057 0.588463
0.459939 0.091901
0.939295 0.507073
0.676789 0.055749
0.766705 0.112487
0.706265 0.353430
0.775151 0.571633
0.743069 0.396007
0.416688 0.140461
0.803956 0.086410
0.746189 0.465502
0.900610 0.389886
0.912528 0.646956
0.735562 0.476239
0.211720 0.005635
0.737551 0.207969
0.839852 0.647362
0.993395 0.726050
0.939559 0.545889
0.462193 0.085014
0.358937 0.037793
0.516111 0.064518
0.741454 0.296595
0.873447 0.567131
0.979269 0.387541
0.343744 0.029736
0.720727 0.338443
0.797193 0.165770
0.571823 0.179952
0.852969 0.334567
0.980491 0.324572
0.885238 0.522125
0.910391 0.222374
0.733002 0.092849
0.817634 0.388392
0.523374 0.258473
0.752901 0.079651
0.724522 0.353232
0.640393 0.295852
0.986576 0.018162
0.883362 0.403501
0.959787 0.171239
0.755170 0.217880
0.815236 0.050453
0.484088 0.111455
0.944672 0.562468
0.585721 0.036984
0.872218 0.238678
0.977897 0.574057
0.669389 0.162794
0.802086 0.094525
0.731572 0.205602
0.313643 0.024004
0.750374 0.273798
0.952791 0.100771
0.286874 0.076615
0.562894 0.276413
0.978076 0.820361
0.459640 0.105971
0.556838 0.094201
0.938699 0.700962
0.983502 0.664722
0.949840 0.228399
0.716407 0.030237
0.935651 0.107677
0.926345 0.660523
0.924100 0.527872
0.895380 0.781800
0.783690 0.466782
0.789462 0.184987
0.915411 0.033250
0.989786 0.471820
0.615182 0.185759
0.447705 0.123692
0.933848 0.528384
0.870286 0.323496
0.960124 0.763711
0.487693 0.191777
0.897841 0.403794
0.955290 0.175836
0.643439 0.387744
0.692400 0.047053
0.997761 0.446816
0.662191 0.414803
0.698443 0.395435
0.938896 0.593208
0.947790 0.752992
0.898050 0.007694
0.819984 0.399327
0.861647 0.334802
0.497873 0.016457
0.558955 0.114603
0.502070 0.247562
0.744186 0.505119
0.912330 0.021158
0.535665 0.202842
0.998468 0.427028
0.515594 0.003350
0.751067 0.299826
0.868423 0.564788
0.635630 0.201050
0.989607 0.249881
0.827319 0.450531
0.926211 0.608722
0.274942 0.014193
0.797033 0.026914
0.465946 0.186483
0.644435 0.375592
0.567202 0.147336
0.877378 0.360675
0.923533 0.239306
0.801691 0.297548
0.778702 0.281562
0.966651 0.590254
0.774977 0.103638
0.598318 0.285128
0.412966 0.026420
0.897086 0.097678
0.643928 0.300201
0.521191 0.100118
0.724028 0.487646
0.728144 0.044956
0.956405 0.910240
0.779869 0.591851
0.991080 0.299416
0.416479 0.055728
0.865032 0.481756
0.879627 0.494949
0.707382 0.243330
0.682915 0.292384
0.963827 0.852043
0.896746 0.285876
0.856338 0.517505
0.706706 0.247850
0.399010 0.099097
0.993801 0.824243
0.583963 0.146523
0.769150 0.485545
0.874131 0.622418
0.982380 0.737132
0.900292 0.641392
0.608929 0.305646
0.704111 0.455137
0.581824 0.277017
0.343591 0.001870
0.844822 0.442527
0.773340 0.457766
0.747330 0.250733
0.923958 0.640790
0.840562 0.102356
0.666943 0.358324
0.838635 0.630826
0.981925 0.635104
0.865230 0.266584
0.853085 0.163721
0.554187 0.003706
0.843430 0.257471
0.987392 0.781155
0.950723 0.797802
0.862418 0.492075
0.503966 0.024294
0.858576 0.269630
0.945886 0.590794
0.716206 0.282338
0.481323 0.108093
0.939611 0.313702
0.920792 0.802694
0.477693 0.117608
0.955181 0.834770
0.995248 0.830759
0.558948 0.234633
0.750502 0.353222
0.972546 0.512724
0.807865 0.509777
0.806095 0.021163
0.928528 0.178828
0.902545 0.377077
0.464049 0.145929
0.893769 0.293394
0.754217 0.185723
0.608931 0.360821
0.841706 0.404782
0.979191 0.300998
0.860876 0.392718
0.174496 0.006585
0.819102 0.421440
0.440235 0.117100
0.676296 0.108006
0.771126 0.273543
0.681948 0.155306
0.776131 0.175820
0.973152 0.400260
0.949463 0.858303
0.989689 0.246407
0.274049 0.031108
0.597961 0.138642
0.587387 0.118821
0.880834 0.327629
0.733939 0.432814
0.610282 0.289931
0.761203 0.571256
0.521916 0.215773
0.775790 0.050728
0.485391 0.011801
0.944087 0.505716
0.785265 0.410156
0.908902 0.371912
0.558196 0.178235
0.894051 0.751788
0.919497 0.286075
0.716297 0.170847
0.645978 0.329107
0.908746 0.408830
0.912851 0.321461
0.868006 0.641574
0.904613 0.709297
0.792088 0.381194
0.783057 0.527572
0.631334 0.226881
0.962582 0.145865
0.874548 0.477193
0.722579 0.125191
0.773969 0.254454
0.725241 0.315126
0.634474 0.356317
0.876267 0.583788
0.887986 0.247646
0.993192 0.199810
0.978055 0.864194
0.609337 0.134908
0.939945 0.206484
0.960392 0.334444
0.379876 0.068915
0.899578 0.625342
0.899151 0.794422
0.864047 0.709277
0.840511 0.303556
0.300469 0.051636
0.523327 0.082359
0.698558 0.058466
0.807772 0.148406
0.969928 0.180566
0.739120 0.009669
0.488531 0.186204
0.656511 0.166639
0.999447 0.127153
0.921581 0.043441
0.394625 0.064233
0.598234 0.100712
0.850811 0.285651
0.831597 0.414898
0.909493 0.801415
0.714968 0.041009
0.522946 0.174249
0.260094 0.030312
0.851756 0.115076
0.415253 0.143968
0.951645 0.692049
0.161851 0.003493
0.992358 0.327438
0.939359 0.361256
0.686247 0.219830
0.806716 0.131545
0.985927 0.304128
0.905361 0.614708
0.863625 0.488473
0.570968 0.028866
0.784888 0.401098
0.797404 0.532765
0.620831 0.383935
0.841592 0.153232
0.959120 0.191942
0.936875 0.295328
0.504717 0.206920
0.967115 0.657913
0.991263 0.158348
0.596132 0.095004
0.855269 0.105783
0.773746 0.152915
0.994674 0.730615
0.898784 0.506212
0.879650 0.164738
0.949207 0.649896
0.319040 0.030891
0.551885 0.189950
0.751743 0.463924
0.757815 0.125946
0.871279 0.338147
0.675666 0.119153
0.983988 0.338153
0.960575 0.027550
0.696061 0.131595
0.958074 0.816299
0.708117 0.305448
0.576296 0.148122
0.734382 0.322108
0.878003 0.163410
0.823030 0.085696
0.558802 0.197431
0.330840 0.080829
0.569636 0.282176
0.909476 0.635204
0.769863 0.187127
0.648197 0.273715
0.686755 0.178829
0.701458 0.159239
0.542160 0.121420
0.297991 0.017078
0.712573 0.239467
0.983584 0.082527
0.702074 0.124623
0.746730 0.063104
0.715996 0.016773
0.320614 0.076541
0.234336 0.037108
0.937710 0.353550
0.858855 0.433896
0.863124 0.037109
0.855038 0.300624
0.802357 0.051624
0.585822 0.211236
0.827770 0.525648
0.852978 0.513334
0.928163 0.441406
0.752241 0.538410
0.946424 0.202214
0.570484 0.162356
0.542596 0.213778
0.849906 0.270016
0.774377 0.486844
0.920417 0.790821
0.420094 0.017823
0.981031 0.214127
0.667417 0.255577
0.585270 0.070083
0.926720 0.006733
0.979977 0.298865
0.840690 0.217797
0.905044 0.106531
0.695758 0.227508
0.701580 0.265957
0.733526 0.103742
0.670483 0.118958
0.714730 0.105338
0.821467 0.111559
0.909410 0.742552
0.777373 0.490276
0.604285 0.294810
0.838593 0.422072
0.326749 0.019053
0.624773 0.260069
0.433799 0.186594
0.462930 0.053370
0.606079 0.364375
0.940327 0.251989
0.992433 0.941411
0.819489 0.549077
0.629478 0.363979
0.913975 0.399471
0.796942 0.463762
0.829575 0.458958
0.764228 0.196401
0.194860 0.019834
0.699078 0.090395
0.575127 0.022891
0.411671 0.132183
0.961007 0.486685
0.445595 0.017234
0.651809 0.151812
0.802939 0.636521
0.917763 0.265892
0.618732 0.004826
0.605210 0.331614
0.330354 0.008718
0.987027 0.312358
0.972569 0.590381
0.983868 0.247247
0.932317 0.215379
0.804029 0.023891
0.962263 0.253078
0.862383 0.018410
0.157764 0.012193
0.897872 0.521563
0.703891 0.043373
0.885758 0.052029
0.845878 0.184372
0.916909 0.725125
0.584843 0.266537
0.930753 0.337348
0.911130 0.793461
0.722886 0.033065
0.981108 0.299710
0.673947 0.295239
0.723393 0.485659
0.778386 0.473154
0.712356 0.306774
0.890156 0.015386
0.926550 0.109729
0.460830 0.098445
0.893842 0.078810
0.606394 0.355835
0.912717 0.721851
0.484950 0.035902
0.836770 0.657947
0.895959 0.760964
0.650370 0.077282
0.890177 0.305675
0.511671 0.150181
0.911300 0.542345
0.516573 0.214687
0.584320 0.088762
0.568091 0.063085
0.798463 0.416976
0.514921 0.044483
0.975394 0.222635
0.673866 0.220290
0.969389 0.299887
0.978683 0.951292
0.767320 0.366528
0.933348 0.747403
0.890558 0.728664
0.452719 0.176809
0.472365 0.140471
0.775569 0.393427
0.867052 0.516406
0.491125 0.118680
0.933415 0.101500
0.977707 0.885379
0.185151 0.011038
0.345232 0.052009
0.996958 0.384111
0.836142 0.389237
0.961507 0.391824
0.984221 0.963919
0.389647 0.065322
0.852790 0.373978
0.705876 0.362890
0.982281 0.076376
0.832137 0.448897
0.531477 0.037639
0.882971 0.689501
0.766405 0.372647
0.760611 0.526310
0.711857 0.325974
0.907025 0.209094
0.760796 0.420988
0.891944 0.336263
0.819275 0.037078
0.636022 0.379072
0.610880 0.139470
0.270648 0.047442
0.978445 0.680574
0.905270 0.713100
0.776060 0.025352
0.830635 0.598981
0.257713 0.026768
0.941399 0.277637
0.852528 0.498168
0.831904 0.571648
0.988240 0.493933
0.446569 0.078873
0.650604 0.022999
0.615402 0.225654
0.886747 0.362930
0.633941 0.213997
0.819752 0.618206
0.834639 0.057280
0.912322 0.284504
0.861730 0.065236
0.634647 0.162488
0.579724 0.054392
0.998668 0.411371
0.681106 0.126367
0.645871 0.027685
0.917268 0.705101
0.988818 0.013377
0.384098 0.020400
0.861988 0.561970
0.784329 0.152023
0.517744 0.141550
0.814813 0.242043
0.729618 0.099272
0.956270 0.774284
0.830237 0.230359
0.790502 0.106226
0.821466 0.498550
0.596246 0.063502
0.823846 0.628597
0.735702 0.254729
0.395097 0.136106
0.887285 0.766882
0.237768 0.036088
0.759412 0.421269
0.580421 0.067175
0.656650 0.214566
0.506346 0.157457
0.645188 0.103721
0.990492 0.961338
0.950073 0.872296
0.967716 0.331715
0.980168 0.211949
0.902814 0.188476
0.890360 0.360672
0.855258 0.138707
0.910680 0.427932
0.705726 0.462576
0.468100 0.177432
0.953504 0.549829
0.881675 0.645607
0.819480 0.375715
0.904172 0.158669
0.711266 0.036926
0.774103 0.262394
0.533023 0.010420
0.656740 0.282411
0.535415 0.077964
0.999222 0.629477
0.931132 0.098011
0.795974 0.118166
0.764995 0.220776
0.834001 0.443806
0.631620 0.085127
0.926083 0.578229
0.739975 0.340457
0.652182 0.255520
0.955880 0.261477
0.693240 0.435253
0.892796 0.213850
0.571882 0.235081
0.930187 0.743431
0.949827 0.240523
0.997950 0.767508
0.945554 0.847693
0.791086 0.618146
0.813495 0.446531
0.733518 0.470880
0.826502 0.219987
0.304641 0.044072
0.561085 0.268746
0.823070 0.496331
0.838378 0.369300
0.977519 0.642621
0.847262 0.156417
0.746108 0.350202
0.928741 0.195675
0.716755 0.127705
0.975683 0.949975
0.618229 0.271860
0.155020 0.012044
0.735737 0.359476
0.679848 0.408495
0.993930 0.529986
0.581440 0.331343
0.962872 0.566054
0.998451 0.290570
0.931989 0.371226
0.733818 0.338648
0.763484 0.365719
0.994349 0.635962
0.768361 0.517926
0.966864 0.365254
0.933130 0.024578
0.789395 0.601003
0.474138 0.042601
0.714059 0.313393
0.971230 0.009561
0.825034 0.616221
0.985840 0.327284
0.319251 0.060327
0.990839 0.472983
0.683711 0.295093
0.603036 0.232895
0.844232 0.646683
0.707320 0.428352
0.712078 0.275258
0.843555 0.457053
0.984627 0.088422
0.945493 0.321727
0.683890 0.092510
0.519961 0.055696
0.831514 0.041076
0.747355 0.186856
0.649224 0.065916
0.910535 0.360043
0.757298 0.570558
0.764606 0.134021
0.970859 0.771942
0.958472 0.498495
0.960541 0.821943
0.946585 0.518005
0.818537 0.649420
0.888729 0.694983
0.905225 0.072077
0.766115 0.077815
0.283910 0.004666
0.806465 0.491920
0.453547 0.148954
0.994289 0.722512
0.886965 0.427446
0.738245 0.126079
0.896763 0.608298
0.860152 0.030980
0.612142 0.108488
0.934208 0.128196
0.924005 0.432859
0.957618 0.663245
0.607100 0.144121
0.600699 0.190378
0.165842 0.023801
0.907793 0.629814
0.956823 0.120994
0.916440 0.610198
0.994671 0.012887
0.831003 0.375068
0.886645 0.307016
0.927468 0.379085
0.992201 0.238130
0.575005 0.273020
0.906636 0.514087
0.773235 0.450383
0.989906 0.744208
0.740232 0.386207
0.231599 0.006328
0.646913 0.045615
0.684782 0.162254
0.919802 0.444285
0.830188 0.496147
0.683480 0.240716
0.920457 0.758272
0.754431 0.060562
0.745518 0.184788
0.825564 0.036108
0.759186 0.499212
0.496415 0.222890
0.785355 0.573996
0.760809 0.410523
0.970204 0.512550
0.577723 0.104025
0.952139 0.902737
0.495592 0.107687
0.915845 0.063788
0.796796 0.260150
0.574485 0.015367
0.621891 0.113929
0.873800 0.360353
0.602755 0.242267
0.460814 0.075345
0.771533 0.423354
0.917955 0.479411
0.797408 0.368730
0.431252 0.152163
0.785078 0.274555
0.858203 0.539226
0.875570 0.637183
0.520918 0.109568
0.898006 0.737052
0.931383 0.661144
0.364413 0.066560
0.839233 0.581587
0.958377 0.661644
0.741457 0.124392
0.860510 0.036404
0.805522 0.045029
0.407081 0.158685
0.931720 0.208638
0.605835 0.241397
0.381620 0.032502
0.450975 0.104759
0.641124 0.137039
0.801073 0.502087
0.627220 0.131991
0.768447 0.025472
0.890579 0.651462
0.935180 0.348416
0.873041 0.089316
0.774281 0.247582
0.787031 0.202371
0.726929 0.343009
0.479900 0.224968
0.989178 0.961277
0.697456 0.369979
0.772425 0.451389
0.692734 0.179987
0.694455 0.379919
0.688265 0.251988
0.996854 0.680435
0.977943 0.176133
0.878739 0.486210
0.962667 0.199041
0.886278 0.500836
0.888342 0.471394
0.491055 0.234014
0.996502 0.416162
0.481411 0.125378
0.521740 0.084840
0.756520 0.429810
0.939543 0.474530
0.984322 0.269947
0.930710 0.756029
0.950105 0.523443
0.474998 0.178150
0.424016 0.026695
0.425944 0.065494
0.999046 0.861767
0.812175 0.208880
0.894367 0.010282
0.706948 0.015977
0.591283 0.323826
0.704715 0.008950
0.783690 0.081160
0.798297 0.636941
0.882322 0.147064
0.282359 0.013888
0.750183 0.331171
0.893412 0.055048
0.440552 0.043921
0.815954 0.176788
0.496917 0.064660
0.626529 0.167787
0.947950 0.086282
0.522740 0.118825
0.248861 0.052802
0.915053 0.183107
0.973027 0.902163
0.882150 0.528527
0.622912 0.040572
0.875238 0.714008
0.405868 0.125361
0.775975 0.463418
0.481409 0.125295
0.840659 0.381652
0.811589 0.361157
0.777748 0.282449
0.862229 0.030660
0.776689 0.422367
