  -5.00000     0.00000
  -4.75000     0.00000
  -4.50000     0.00000
  -4.25000     0.00011
  -4.00000     0.00022
  -3.75000     0.00033
  -3.50000     0.00099
  -3.25000     0.00264
  -3.00000     0.00836
  -2.75000     0.01573
  -2.50000     0.02872
  -2.25000     0.05689
  -2.00000     0.12136
  -1.75000     0.16560
  -1.50000     0.26330
  -1.25000     0.36013
  -1.00000     0.57469
  -0.75000     0.66799
  -0.50000     0.79882
  -0.25000     1.00414
   0.00000     0.97124
   0.25000     0.96783
   0.50000     0.89851
   0.75000     0.88145
   1.00000     0.64346
   1.25000     0.51857
   1.50000     0.41316
   1.75000     0.25846
   2.00000     0.16185
   2.25000     0.10398
   2.50000     0.06855
   2.75000     0.03510
   3.00000     0.01782
   3.25000     0.01023
   3.50000     0.00407
   3.75000     0.00121
   4.00000     0.00044
   4.25000     0.00033
   4.50000     0.00022
   4.75000     0.00000
   5.00000     0.00000
