0.694805 0.302782
0.458235 0.176834
0.727249 0.223719
0.459156 0.087045
0.516025 0.023800
0.358268 0.055165
0.659133 0.177328
0.899799 0.344060
0.730253 0.142381
0.849417 0.499589
0.390871 0.013443
0.576425 0.038215
0.884495 0.252591
0.930911 0.663618
0.433947 0.081163
0.975356 0.451038
0.632936 0.389595
0.862388 0.417501
0.727446 0.500042
0.414189 0.085721
0.660195 0.217495
0.276288 0.052409
0.762327 0.523061
0.666015 0.307235
0.807801 0.103442
0.888454 0.431596
0.581855 0.259861
0.965157 0.006926
0.875411 0.495082
0.766714 0.271834
0.921960 0.431527
0.794716 0.295729
0.933574 0.453502
0.551033 0.023937
0.667405 0.214121
0.662680 0.103039
0.565373 0.112325
0.791995 0.267872
0.990726 0.590872
0.980591 0.402103
0.815254 0.636694
0.942548 0.731666
0.990251 0.499327
0.933444 0.164658
0.932282 0.075525
0.884438 0.220646
0.447827 0.038294
0.937738 0.470599
0.435973 0.037096
0.925939 0.184414
0.678604 0.368329
0.906716 0.435460
0.896410 0.292548
0.544921 0.099866
0.649558 0.083239
0.977705 0.025861
0.619171 0.175251
0.667820 0.006175
0.975694 0.358548
0.573769 0.179597
0.455861 0.160480
0.380923 0.119944
0.880691 0.169917
0.768565 0.090821
0.914350 0.465294
0.863947 0.120118
0.824763 0.421487
0.870870 0.346745
0.978854 0.480530
0.988476 0.684241
0.976032 0.174284
0.543152 0.125974
0.803235 0.382938
0.786542 0.072744
0.805127 0.545742
0.991847 0.273066
0.710307 0.338637
0.917162 0.656912
0.864583 0.035482
0.832977 0.508085
0.854417 0.681705
0.941052 0.082953
0.741410 0.277906
0.703522 0.464405
0.984845 0.911923
0.359499 0.053294
0.922842 0.784679
0.828718 0.574733
0.450697 0.191358
0.519632 0.133690
0.730484 0.480688
0.980315 0.735737
0.829416 0.618381
0.939087 0.404124
0.942607 0.337616
0.754542 0.268304
0.426789 0.140514
0.960265 0.018660
0.884148 0.185888
0.541814 0.075913
0.843030 0.630284
0.663552 0.313734
0.935145 0.600302
0.516016 0.146927
0.864953 0.111004
0.935661 0.857550
0.951317 0.687211
0.856942 0.253159
0.367688 0.058913
0.819109 0.122997
0.789146 0.618146
0.767094 0.039678
0.969670 0.481608
0.814383 0.605894
0.659152 0.427115
0.723766 0.500912
0.871777 0.192680
0.331948 0.098145
0.993298 0.448823
0.827660 0.672934
0.724273 0.009540
0.759374 0.025419
0.995412 0.428340
0.137064 0.012600
0.969145 0.255157
0.506325 0.042366
0.787694 0.280575
0.903253 0.631683
0.465443 0.172561
0.721943 0.121375
0.386057 0.084791
0.973478 0.304830
0.721121 0.355500
0.981517 0.834558
0.948066 0.763811
0.593894 0.144868
0.946748 0.658701
0.647731 0.356099
0.620835 0.224968
0.170204 0.012067
0.962651 0.801231
0.632901 0.365773
0.846284 0.660327
0.829553 0.355321
0.985813 0.838710
0.919880 0.542080
0.523792 0.032568
0.800543 0.207418
0.735202 0.462905
0.713962 0.367283
0.938862 0.313927
0.921598 0.422650
0.969384 0.251568
0.683410 0.422274
0.466909 0.084287
0.841466 0.567391
0.750846 0.450200
0.777412 0.338360
0.750461 0.495059
0.760676 0.385770
0.891895 0.157426
0.700195 0.314064
0.979715 0.202558
0.830438 0.233712
0.885821 0.362599
0.527068 0.227444
0.912469 0.191937
0.403780 0.017699
0.998340 0.127294
0.782708 0.051148
0.365477 0.080225
0.617938 0.158619
0.977249 0.332500
0.828886 0.409404
0.525003 0.202132
0.958373 0.312872
0.596081 0.216344
0.882306 0.208653
0.822328 0.336466
0.904553 0.703416
0.974018 0.161152
0.625617 0.144614
0.984108 0.738460
0.680659 0.212899
0.855229 0.721310
0.952730 0.349247
0.886326 0.029858
0.676843 0.211975
0.557503 0.126511
0.951555 0.085305
0.416382 0.113169
0.367055 0.032719
0.824529 0.402081
0.643012 0.049812
0.516538 0.080190
0.799601 0.512376
0.847729 0.225756
0.613922 0.373807
0.944166 0.222488
0.795876 0.007840
0.941127 0.311203
0.594165 0.308163
0.741325 0.130058
0.554333 0.165320
0.831452 0.284986
0.763489 0.478208
0.887523 0.526981
0.773021 0.315678
0.236869 0.012606
0.961584 0.320623
0.919945 0.624153
0.952380 0.255422
0.810383 0.247786
0.519774 0.036957
0.891007 0.273317
0.641358 0.024754
0.348752 0.087541
0.694937 0.066315
0.605233 0.257680
0.806313 0.389412
0.377754 0.063274
0.944389 0.311363
0.705339 0.019418
0.795439 0.127816
0.714138 0.098641
0.705389 0.385751
0.927984 0.234009
0.910948 0.319126
0.813250 0.116498
0.990900 0.386459
0.888909 0.423824
0.947780 0.079156
0.746204 0.254158
0.709598 0.422673
0.549907 0.055241
0.936719 0.710891
0.467397 0.042094
0.834298 0.313278
0.965134 0.505758
0.275392 0.054334
0.697268 0.461555
0.581428 0.082225
0.759355 0.341815
0.639903 0.087851
0.996009 0.412469
0.269424 0.066367
0.966827 0.013681
0.493980 0.169991
0.906242 0.354217
0.941676 0.220613
0.735860 0.231238
0.705824 0.454969
0.625591 0.189629
0.755262 0.515992
0.866896 0.604759
0.739186 0.194084
0.359829 0.072992
0.997668 0.630458
0.807297 0.113045
0.504309 0.186507
0.873394 0.286172
0.711633 0.268290
0.856906 0.266605
0.993864 0.770664
0.934061 0.672519
0.608209 0.217896
0.801096 0.226853
0.981902 0.536478
0.892701 0.610549
0.995361 0.291472
0.809529 0.427382
0.983142 0.643212
0.903850 0.390718
0.812507 0.028227
0.916148 0.010135
0.958119 0.336753
0.972768 0.481769
0.954585 0.091204
0.845231 0.359891
0.574921 0.059409
0.754901 0.434272
0.915101 0.818978
0.880518 0.542628
0.848163 0.578115
0.741770 0.087959
0.449657 0.132579
0.982965 0.730835
0.636393 0.041873
0.815324 0.146888
0.788902 0.506988
0.878165 0.723253
0.875982 0.132161
0.984099 0.013026
0.697026 0.390536
0.797804 0.440697
0.976786 0.241888
0.970022 0.759463
0.778185 0.525138
0.429396 0.106404
0.562669 0.052979
0.913250 0.544515
0.768186 0.076049
0.773507 0.568938
0.880258 0.720362
0.637188 0.049163
0.522676 0.069396
0.808827 0.240338
0.453776 0.043135
0.817872 0.398390
0.665433 0.117182
0.990592 0.684736
0.935279 0.184167
0.892130 0.214778
0.989544 0.419089
0.829373 0.537564
0.953700 0.278615
0.857659 0.579864
0.997140 0.863414
0.715397 0.012854
0.353315 0.031969
0.349978 0.018023
0.481319 0.132146
0.686880 0.188909
0.713107 0.068967
0.543247 0.265535
0.851837 0.096017
0.766195 0.218682
0.641014 0.041240
0.868284 0.281084
0.809001 0.133004
0.308224 0.008177
0.926597 0.646608
0.706446 0.487011
0.372973 0.029348
0.849726 0.051818
0.853412 0.523955
0.641592 0.069495
0.995737 0.784647
0.977118 0.634777
0.616846 0.255385
0.698063 0.433309
0.770003 0.463663
0.892957 0.174497
0.961211 0.467143
0.639032 0.288824
0.592574 0.216715
0.463425 0.051820
0.842276 0.471120
0.407155 0.160986
0.779302 0.345368
0.524641 0.127484
0.997239 0.078186
0.920309 0.072793
0.780434 0.186927
0.915022 0.327372
0.396395 0.143123
0.892203 0.097595
0.978683 0.918963
0.418570 0.022824
0.957647 0.305096
0.922576 0.310364
0.624161 0.173626
0.660506 0.087807
0.940492 0.598076
0.894151 0.422371
0.528753 0.072385
0.374861 0.057051
0.834806 0.646469
0.824628 0.552247
0.317790 0.094197
0.787393 0.446711
0.744211 0.125234
0.601407 0.321956
0.356303 0.109632
0.830610 0.365559
0.888859 0.549224
0.599205 0.220192
0.862963 0.684493
0.694792 0.022239
0.996437 0.892435
0.977300 0.736246
0.384534 0.095417
0.687443 0.162721
0.915902 0.419034
0.170873 0.004552
0.882504 0.672189
0.767991 0.295438
0.508743 0.015148
0.886765 0.683436
0.446332 0.006871
0.947335 0.453519
0.430290 0.117152
0.909338 0.261940
0.803971 0.636715
0.916628 0.684760
0.812880 0.575301
0.953014 0.530767
0.272372 0.034053
0.647099 0.270995
0.548566 0.029838
0.468614 0.073426
0.800147 0.359461
0.984460 0.555782
0.677847 0.459154
0.925217 0.025813
0.401731 0.095600
0.582104 0.304319
0.461258 0.125368
0.917932 0.418877
0.863318 0.133053
0.917172 0.745215
0.977820 0.577673
0.735772 0.046526
0.615296 0.275097
0.748221 0.419701
0.236456 0.044923
0.576073 0.208918
0.613122 0.238140
0.877326 0.322092
0.533426 0.242311
0.453591 0.072082
0.911385 0.210621
0.984455 0.820174
0.679783 0.330447
0.511973 0.142209
0.718145 0.496565
0.767742 0.144562
0.076996 0.001589
0.988191 0.829500
0.578772 0.141843
0.507646 0.008095
0.963935 0.693525
0.997475 0.266617
0.609758 0.190654
0.950780 0.765393
0.367445 0.116603
0.680692 0.108232
0.911442 0.538791
0.795886 0.217788
0.523819 0.069522
0.830056 0.538519
0.903168 0.340547
0.669414 0.013843
0.436425 0.114426
0.729823 0.065531
0.929225 0.593331
0.671523 0.083631
0.895436 0.405495
0.905983 0.404661
0.675556 0.408304
0.954492 0.753755
0.943687 0.141971
0.802324 0.348363
0.832940 0.473918
0.918387 0.532920
0.690867 0.068823
0.882072 0.280234
0.864100 0.644463
0.739509 0.534796
0.950456 0.301781
0.796665 0.610681
0.716540 0.268664
0.955275 0.786800
0.986054 0.058585
0.686866 0.437515
0.587380 0.012922
0.345527 0.009975
0.932926 0.635939
0.976867 0.139210
0.832838 0.555136
0.977011 0.350023
0.516884 0.056757
0.721678 0.216163
0.632704 0.043774
0.826839 0.070399
0.828299 0.172483
0.866691 0.231766
0.759740 0.310213
0.681056 0.151255
0.458929 0.193767
0.906983 0.338529
0.700700 0.245869
0.691856 0.037748
0.990673 0.980916
0.934436 0.490635
0.576464 0.095358
0.653469 0.088608
0.882230 0.693325
0.908795 0.576211
0.596336 0.098369
0.489640 0.101916
0.620743 0.156714
0.810472 0.356530
0.940048 0.820746
0.632260 0.222101
0.898538 0.059616
0.824339 0.664094
0.785770 0.221083
0.775764 0.132285
0.950759 0.330415
0.798407 0.227936
0.811012 0.241186
0.358536 0.059949
0.810459 0.053633
0.640867 0.177757
0.993197 0.249941
0.724434 0.176732
0.886497 0.365329
0.946788 0.876263
0.977255 0.525313
0.778591 0.377623
0.295779 0.005108
0.759192 0.226544
0.953433 0.620396
0.829738 0.339693
0.544379 0.237749
0.943185 0.268382
0.928726 0.734032
0.992223 0.944020
0.398139 0.046952
0.992359 0.017600
0.978296 0.564011
0.639326 0.155921
0.721883 0.513859
0.640618 0.295867
0.960810 0.863538
0.636216 0.166901
0.917881 0.381914
0.741976 0.107277
0.529392 0.164344
0.782909 0.200590
0.759546 0.391264
0.667224 0.100974
0.744783 0.452674
0.592415 0.089062
0.812041 0.656690
0.898218 0.605468
0.555372 0.039163
0.353201 0.033233
0.765270 0.374808
0.789170 0.180725
0.984976 0.578326
0.685589 0.182384
0.555172 0.257466
0.339595 0.058326
0.509358 0.014987
0.892696 0.422704
0.896941 0.496670
0.847893 0.375994
0.954129 0.645637
0.712698 0.210892
0.745601 0.307445
0.955467 0.664883
0.890483 0.785085
0.823973 0.122519
0.826573 0.573898
0.933996 0.616864
0.941401 0.644618
0.930410 0.167156
0.952549 0.243269
0.861082 0.541691
0.918863 0.067328
0.879856 0.626221
0.925281 0.768560
0.891540 0.730236
0.310308 0.001087
0.630356 0.259913
0.826179 0.670141
0.887896 0.405911
0.734956 0.124010
0.545240 0.131297
0.710781 0.020787
0.344941 0.004373
0.932686 0.290776
0.887048 0.621263
0.904939 0.527042
0.871825 0.398513
0.811211 0.544172
0.559288 0.103629
0.917727 0.639431
0.557644 0.148509
0.786197 0.020593
0.737869 0.214348
0.456820 0.187094
0.730394 0.000998
0.671899 0.164760
0.629951 0.241400
0.809344 0.438964
0.667032 0.183978
0.479175 0.179322
0.801881 0.163243
0.896773 0.645372
0.519877 0.078719
0.999881 0.902767
0.544352 0.043483
0.655442 0.074154
0.973351 0.425154
0.874202 0.450129
0.792714 0.399880
0.737318 0.346869
0.531683 0.069646
0.911947 0.825509
0.984960 0.960056
0.424181 0.129897
0.997671 0.774685
0.851336 0.098940
0.734757 0.504757
0.702601 0.465578
0.429237 0.065174
0.781651 0.182800
0.478343 0.058056
0.917201 0.297292
0.973420 0.194351
0.738563 0.475010
0.851773 0.658060
0.613419 0.087618
0.691172 0.136477
0.431902 0.019040
0.777748 0.256916
0.894625 0.640497
0.784509 0.466755
0.878071 0.521562
0.854747 0.457259
0.801623 0.350983
0.316861 0.036256
0.635428 0.084847
0.648001 0.002195
0.914232 0.209153
0.757850 0.530753
0.481011 0.185500
0.739360 0.358330
0.668727 0.108276
0.957060 0.315841
0.485098 0.098814
0.839480 0.168768
0.905847 0.560851
0.390725 0.046392
0.906740 0.024816
0.482976 0.111614
0.979535 0.566664
0.568008 0.181629
0.805528 0.171434
0.914751 0.835067
0.828897 0.226456
0.811610 0.210012
0.843217 0.322058
0.791580 0.458395
0.894757 0.440629
0.980902 0.943690
0.756879 0.255056
0.978002 0.172228
0.651560 0.263261
0.947621 0.409130
0.393757 0.100601
0.843481 0.582706
0.808091 0.255619
0.697781 0.005357
0.820742 0.411768
0.889607 0.128377
0.805780 0.366175
0.952064 0.010370
0.720080 0.453020
0.762505 0.464934
0.451887 0.104879
0.838289 0.445159
0.895048 0.499849
0.604150 0.295736
0.851609 0.087394
0.979993 0.388215
0.586746 0.021685
0.509808 0.187051
0.996673 0.839888
0.988721 0.727261
0.822338 0.546163
0.626798 0.059849
0.825459 0.021278
0.989105 0.188801
0.675971 0.086486
0.550855 0.266444
0.655780 0.139407
0.617284 0.327873
0.681311 0.241084
0.785043 0.029832
0.716740 0.267782
0.653887 0.334186
0.655380 0.021812
0.739527 0.356033
0.809594 0.191537
0.642663 0.107739
0.941291 0.161113
0.915445 0.659352
0.933977 0.256349
0.931429 0.806516
0.801302 0.375126
0.490860 0.182809
0.702183 0.169110
0.545390 0.102532
0.937468 0.621032
0.911510 0.781341
0.933675 0.612109
0.806666 0.646634
0.830826 0.265711
0.852671 0.060353
0.362985 0.022454
0.798564 0.093794
0.840028 0.506964
0.598080 0.230205
0.872981 0.133597
0.847993 0.143301
0.331155 0.064993
0.838032 0.391381
0.492350 0.101251
0.851112 0.537547
0.980359 0.923928
0.665124 0.127731
0.894595 0.799210
0.657053 0.206103
0.638419 0.020037
0.641253 0.082515
0.884131 0.320966
0.903204 0.016614
0.795226 0.477851
0.991096 0.920914
0.947589 0.517595
0.556039 0.076915
0.730045 0.311973
0.959978 0.268697
0.490143 0.055384
0.811702 0.508020
0.639374 0.159951
0.729962 0.435352
0.911670 0.761936
0.794632 0.216784
0.712037 0.363383
0.894159 0.557343
0.981591 0.072665
0.931726 0.842787
0.682995 0.265586
0.823121 0.226425
0.418424 0.116274
0.988847 0.957323
0.778130 0.162034
0.223060 0.039865
0.504949 0.223722
0.537461 0.195468
0.435689 0.084146
0.886591 0.284202
0.963165 0.779459
0.405528 0.158030
0.771606 0.117978
0.921866 0.123003
0.883378 0.667948
0.818160 0.044430
0.922771 0.378726
0.927529 0.779774
0.988007 0.222901
0.892638 0.656265
0.947626 0.656127
0.203687 0.020203
0.832258 0.181998
0.981344 0.926650
0.724351 0.422089
0.364345 0.075529
0.516251 0.140131
0.898630 0.721501
0.883376 0.304341
0.812232 0.388795
0.466127 0.049709
0.978132 0.862946
0.730110 0.004049
0.966888 0.551044
0.752031 0.386044
0.332314 0.088548
0.842569 0.516769
0.555638 0.166899
0.701697 0.086118
0.723614 0.354707
0.841930 0.185341
0.981740 0.181576
0.594953 0.264921
0.870141 0.116968
0.815846 0.594259
0.793031 0.245248
0.504662 0.164014
0.989031 0.776395
0.753284 0.342312
0.802987 0.338765
0.736302 0.019156
0.791858 0.242143
0.964647 0.358602
0.703353 0.085977
0.656993 0.142074
0.703038 0.479225
0.743161 0.253399
0.958066 0.392091
0.976309 0.406355
0.553104 0.229288
0.999951 0.827753
0.926111 0.151597
0.935998 0.046250
0.772706 0.285559
0.908146 0.467973
0.486675 0.159004
0.561280 0.031716
0.823479 0.607326
0.960279 0.171651
0.430379 0.133473
0.514480 0.010766
0.620868 0.323651
0.774055 0.548282
0.503496 0.191748
0.904343 0.058205
0.817666 0.051990
0.743832 0.099717
0.972556 0.029006
0.615242 0.320850
0.685221 0.365917
0.779627 0.076136
0.876284 0.277680
0.932361 0.723097
0.908517 0.775059
0.815454 0.047809
0.778602 0.465435
0.631775 0.283110
0.692581 0.380174
0.951287 0.076755
0.886139 0.144853
0.682522 0.293265
0.840991 0.303383
0.915241 0.820724
0.937678 0.148989
0.648336 0.035600
0.952562 0.718441
0.980232 0.852109
0.743417 0.038288
0.938352 0.751539
0.649483 0.296655
0.544431 0.084297
0.652810 0.072095
0.905489 0.184735
0.584983 0.306962
0.918493 0.581227
0.631277 0.200915
0.646533 0.068664
0.690455 0.315023
0.727219 0.240679
0.963880 0.312516
0.685925 0.395041
0.907083 0.403112
0.482793 0.151050
0.956788 0.805380
0.579582 0.232280
0.743326 0.334984
0.747584 0.422262
0.778316 0.157726
0.864338 0.540277
0.461314 0.150435
0.615965 0.264916
0.690988 0.008978
0.479123 0.147247
0.780675 0.599190
0.473805 0.199051
0.887937 0.065743
0.859724 0.357849
0.828632 0.670272
0.956405 0.218279
0.799335 0.171542
0.802560 0.380183
0.975363 0.258327
0.959495 0.901542
0.775093 0.466530
0.397149 0.129616
0.479221 0.134596
0.787560 0.070989
0.831889 0.062520
0.856136 0.636536
0.235724 0.032830
0.980106 0.645005
0.928090 0.393434
0.768729 0.215064
0.877623 0.104558
0.848276 0.304042
0.728975 0.518814
0.520692 0.140091
0.908639 0.258528
0.577199 0.125237
0.616387 0.365939
0.626574 0.244598
0.700293 0.046506
0.782732 0.081666
0.784323 0.121825
0.904924 0.695219
0.659209 0.378783
0.853757 0.378358
0.466446 0.189185
0.880971 0.709274
0.934287 0.837025
0.900910 0.714547
0.920139 0.126688
0.322792 0.089166
0.864947 0.587465
0.828277 0.220644
0.824067 0.215846
0.549343 0.084167
0.891945 0.271412
0.919113 0.187302
0.520924 0.209902
0.937407 0.780316
0.778893 0.368382
0.595284 0.250866
0.967830 0.462882
0.694873 0.298809
0.868208 0.615386
0.085121 0.002383
0.835037 0.688852
0.893367 0.235087
0.777292 0.396903
0.621709 0.163058
0.974833 0.856186
0.882924 0.174807
0.647021 0.009413
0.896720 0.281275
0.918819 0.246797
0.760394 0.026221
0.981039 0.906196
0.690189 0.453000
0.318432 0.061389
0.804375 0.287972
0.574785 0.080581
0.769288 0.111397
0.829427 0.036906
0.369694 0.023086
0.893163 0.521701
0.374478 0.039090
0.484246 0.038642
0.487595 0.225759
0.813901 0.426504
0.760304 0.351769
0.291490 0.019700
0.536182 0.076102
0.876438 0.238576
0.667815 0.084815
0.703187 0.218227
0.980221 0.226451
0.717160 0.437151
0.720705 0.183866
0.630609 0.184028
0.336468 0.021477
0.619557 0.304382
0.269994 0.040688
0.821537 0.245629
0.990885 0.010759
0.603899 0.211086
0.695414 0.122963
0.870505 0.493863
0.784203 0.423145
0.349105 0.056747
0.407827 0.034548
0.454974 0.175464
0.821447 0.375673
0.728366 0.441707
0.775630 0.336607
0.430564 0.062828
0.611885 0.126437
0.728795 0.006406
0.613002 0.037150
0.854585 0.455163
0.462388 0.081498
0.463265 0.182020
0.330004 0.044495
0.864055 0.657234
0.675558 0.069525
0.446030 0.008606
0.963678 0.167557
0.862573 0.197741
0.709771 0.349108
0.700585 0.201999
0.969740 0.238084
0.766343 0.172820
0.521121 0.136351
0.210434 0.039815
0.544777 0.174167
0.880563 0.632137
0.739952 0.465294
0.959530 0.245565
0.444228 0.063944
0.497629 0.078495
0.894047 0.669500
0.774007 0.077488
0.845549 0.696576
0.961782 0.397357
0.609162 0.254884
0.905435 0.513005
0.803938 0.565327
0.220251 0.002433
0.683071 0.104089
0.589018 0.244973
0.692337 0.007659
0.924169 0.315685
0.606998 0.198578
