  51   0.363
  52   0.184
  53  -0.104
  54  -2.312
  55  -0.054
  56   0.184
  57  -0.297
  58   2.109
  59  -0.699
  60  -0.254
  61   0.059
  62  -0.424
  63   0.312
  64  -1.140
  65  -0.877
  66   0.703
  67  -0.575
  68   0.797
  69   1.708
  70  -0.125
  71  -0.099
  72   0.829
  73  -0.460
  74   1.675
  75   0.427
  76  -0.846
  77   0.493
  78  -0.173
  79   2.124
  80   0.828
  81  -2.595
  82  -0.806
  83  -0.148
  84  -1.131
  85  -0.773
  86   0.961
  87   0.312
  88   1.562
  89   0.089
  90   0.281
  91   1.040
  92  -1.484
  93  -1.204
  94   1.300
  95  -0.416
  96   1.908
  97  -1.896
  98   0.524
  99   0.414
 100   0.576
 101   0.928
 102   0.038
 103  -1.412
 104   1.471
 105  -0.961
 106  -0.371
 107  -5.607
 108  -0.120
 109   1.101
 110  -1.655
 111   0.644
 112  -0.617
 113   1.223
 114  -0.866
 115  -0.196
 116   0.523
 117   0.009
 118  -0.057
 119   0.442
 120  -0.028
 121   0.209
 122  -0.440
 123  -0.870
 124   0.262
 125   0.991
 126  -0.127
 127   0.049
 128  -0.141
 129  -1.318
 130   0.806
 131  -1.022
 132   1.177
 133  -1.825
 134  -0.451
 135  -0.730
 136   0.266
 137  -1.570
 138   0.613
 139   1.436
 140  -0.417
 141  -0.584
 142   0.678
 143  -0.730
 144  -0.678
 145  -0.296
 146  -2.318
 147   1.521
 148  -1.215
 149  -0.440
 150  -1.470
 151   0.517
 152   0.764
 153   0.705
 154  -1.412
 155   1.464
 156  -3.089
 157  -0.216
 158  -0.786
 159  -0.288
 160  -0.341
 161   0.418
 162   0.635
 163   0.608
 164   2.147
 165  -0.505
 166   0.995
 167   0.398
 168  -0.786
 169   1.474
 170  -0.512
 171  -0.149
 172   2.503
 173  -1.352
 174  -0.669
 175   0.523
 176   1.072
 177   0.306
 178  -0.303
 179   0.126
 180  -1.014
 181  -0.747
 182   0.426
 183   0.020
 184  -0.262
 185   0.859
 186   0.255
 187   1.253
 188  -1.308
 189  -1.079
 190  -0.370
 191  -4.591
 192   1.552
 193   1.469
 194   0.569
 195  -0.450
 196  -0.450
 197  -1.668
 198  -0.246
 199  -2.192
 200   0.381
 201  -1.943
 202   0.222
 203  -0.374
 204   1.918
 205   1.450
 206   1.563
 207  -0.180
 208   0.776
 209  -0.520
 210  -0.351
 211  -0.091
 212  -0.032
 213  -0.407
 214   0.288
 215  -2.022
 216  -0.337
 217   0.674
 218   1.165
 219  -0.093
 220  -1.348
 221  -0.247
 222  -0.204
 223  -0.642
 224   1.885
 225  -0.020
 226   0.604
 227   0.804
 228  -1.652
 229   0.708
 230  -0.618
 231  -2.435
 232  -0.267
 233  -0.120
 234   1.734
 235   1.990
 236  -0.494
 237   0.592
 238  -0.591
 239   0.042
 240  -0.381
 241  -0.300
 242   1.369
 243   0.721
 244  -0.239
 245  -1.616
 246  -1.214
 247   0.361
 248  -0.709
 249   0.339
 250   0.140
 251  -0.782
 252  -0.093
 253  -0.457
 254  -0.412
 255  -0.451
 256  -0.429
 257  -1.154
 258  -0.521
 259  -0.955
 260  -0.265
 261   0.239
 262  -0.440
 263   1.167
 264  -0.838
 265   2.609
 266  -1.655
 267   0.122
 268   0.900
 269  -0.964
 270   0.343
 271  -0.577
 272  -0.834
 273   2.208
 274  -0.634
 275  -0.522
 276  -0.163
 277   0.883
 278   0.626
 279  -1.776
 280   0.600
 281   0.973
 282  -0.223
 283   1.361
 284   1.432
 285  -0.326
 286  -0.780
 287   0.324
 288  -0.388
 289   0.604
 290   0.085
 291  -0.647
 292   0.052
 293   1.002
 294   0.084
 295  -0.628
 296   1.956
 297   0.289
 298  -0.586
 299  -0.517
 300  -0.775
 301   1.750
 302  -2.597
 303   0.252
 304  -0.502
 305   0.468
 306   0.417
 307  -0.568
 308   0.168
 309   0.176
 310   0.104
 311  -0.870
 312  -1.562
 313  -0.308
 314   0.012
 315   0.134
 316  -0.102
 317   0.013
 318  -0.311
 319  -1.156
 320   0.099
 321   1.011
 322  -0.452
 323   1.100
 324  -0.198
 325  -1.872
 326  -0.509
 327   1.709
 328   0.085
 329   1.197
 330  -0.452
 331  -0.067
 332  -0.170
 333  -0.684
 334  -1.390
 335  -0.119
 336  -1.937
 337   0.684
 338  -1.414
 339   1.251
 340  -1.032
 341   0.551
 342  -1.541
 343  -0.605
 344   1.074
 345   0.323
 346   1.187
 347  -0.565
 348   0.254
 349  -0.535
 350  -1.609
 351  -0.178
 352   0.226
 353  -1.174
 354  -2.312
 355  -1.143
 356   5.193
 357   0.652
 358  -0.137
 359  -4.128
 360  -1.018
 361  -0.761
 362   0.007
 363   0.878
 364  -1.130
 365   1.845
 366  -1.016
 367   1.122
 368  -0.114
 369  -0.247
 370   0.365
 371  -0.812
 372  -1.502
 373  -1.456
 374  -2.077
 375  -2.858
 376  -0.005
 377   3.018
 378   1.525
 379   0.130
 380   0.108
 381  -1.880
 382   0.681
 383   0.340
 384  -0.847
 385   0.645
 386  -0.960
 387   0.322
 388   0.108
 389  -0.139
 390   0.265
 391   1.082
 392   0.114
 393  -1.307
 394   0.510
 395  -0.487
 396  -0.345
 397   0.356
 398   0.438
 399  -0.520
 400   0.324
 401   1.262
 402  -0.248
 403   1.643
 404   0.781
 405   0.941
 406   1.067
 407   0.701
 408  -0.610
 409   0.033
 410  -0.126
 411   0.930
 412   1.158
 413   0.908
 414  -1.271
 415  -0.148
 416  -0.541
 417   2.465
 418   0.070
 419  -1.416
 420  -0.102
 421   0.982
 422  -0.038
 423   0.414
 424   2.155
 425   1.112
 426  -0.635
 427  -0.908
 428  -0.254
 429  -1.990
 430   0.311
 431  -0.538
 432  -1.721
 433  -0.997
 434   2.063
 435  -0.634
 436   0.563
 437  -0.295
 438  -0.368
 439   0.369
 440   1.264
 441  -0.465
 442  -0.013
 443   0.354
 444   0.197
 445  -1.910
 446  -0.908
 447   0.344
 448  -1.658
 449  -1.710
 450   0.770
 451   0.048
 452  -1.023
 453   1.371
 454   2.569
 455  -0.173
 456  -0.780
 457  -0.476
 458  -0.016
 459   0.273
 460   1.879
 461  -0.585
 462  -0.385
 463   0.290
 464  -0.764
 465  -0.121
 466  -0.400
 467   0.514
 468  -0.527
 469  -1.068
 470  -1.283
 471  -0.895
 472   1.302
 473   0.363
 474   2.915
 475  -1.066
 476  -0.790
 477  -2.302
 478   0.593
 479   1.647
 480  -1.590
 481   1.647
 482  -0.783
 483   1.012
 484   0.477
 485  -0.895
 486  -0.949
 487   2.336
 488   0.663
 489   0.126
 490   0.575
 491  -0.539
 492  -0.387
 493   0.143
 494   0.847
 495   0.103
 496   0.452
 497   0.272
 498   0.031
 499  -0.071
 500  -0.810
 501   0.218
 502   0.345
 503  -0.193
 504  -1.245
 505   0.941
 506   1.112
 507  -0.240
 508  -0.083
 509   1.763
 510  -1.378
 511  -0.169
 512  -0.171
 513   0.007
 514   0.190
 515   0.369
 516   0.047
 517   1.207
 518   0.093
 519  -0.563
 520   0.514
 521  -0.359
 522   0.231
 523   0.261
 524   0.351
 525  -0.010
 526  -1.152
 527  -0.747
 528   0.251
 529  -1.255
 530   1.403
 531  -1.126
 532   1.068
 533   0.129
 534   1.299
 535   0.568
 536   0.744
 537  -0.594
 538   0.995
 539   0.550
 540   0.787
 541  -0.011
 542   0.984
 543  -0.280
 544   0.435
 545   1.156
 546  -0.627
 547   0.565
 548   1.062
 549  -1.533
 550  -0.243
 551   0.148
 552   0.749
 553   0.094
 554   2.262
 555  -1.594
 556   1.123
 557  -1.375
 558   1.192
 559  -0.044
 560  -0.231
 561   1.034
 562  -0.475
 563  -0.195
 564   0.102
 565   0.887
 566  -0.652
 567   0.309
 568  -1.555
 569   0.336
 570  -1.131
 571  -0.242
 572   1.555
 573   2.057
 574   0.115
 575  -0.158
 576  -0.972
 577   0.914
 578  -0.230
 579  -0.403
 580   1.668
 581  -0.740
 582   0.563
 583   0.605
 584  -0.551
 585   1.025
 586  -3.718
 587  -0.650
 588   2.419
 589   1.693
 590   1.308
 591   0.099
 592  -0.824
 593   1.037
 594  -1.137
 595   0.559
 596   0.351
 597   1.126
 598  -0.066
 599   0.070
 600   0.188
 601  -0.352
 602  -0.428
 603  -0.628
 604  -0.104
 605   0.207
 606  -2.469
 607  -0.804
 608  -0.712
 609  -0.859
 610  -1.609
 611  -3.820
 612   1.063
 613   0.424
 614  -0.009
 615   0.073
 616   1.012
 617   0.108
 618  -2.445
 619   0.294
 620   1.115
 621  -0.041
 622   0.111
 623   0.198
 624   0.862
 625  -1.127
 626   0.208
 627  -0.279
 628   0.322
 629  -0.638
 630  -0.230
 631   0.716
 632  -0.377
 633  -0.473
 634  -0.393
 635   0.815
 636   1.688
 637  -0.450
 638   1.065
 639  -3.017
 640   0.493
 641  -2.371
 642  -0.617
 643   0.514
 644  -1.165
 645  -0.216
 646  -1.459
 647   0.829
 648   0.275
 649  -0.099
 650  -0.445
 651   0.219
 652   4.608
 653  -0.376
 654   0.667
 655  -0.192
 656  -0.714
 657   0.642
 658   0.039
 659  -0.277
 660   1.680
 661  -0.644
 662  -0.543
 663  -0.530
 664  -0.017
 665   0.009
 666   0.256
 667   0.458
 668   0.047
 669  -0.677
 670   0.346
 671  -0.242
 672   0.498
 673  -0.243
 674  -3.146
 675  -1.713
 676   0.379
 677  -0.216
 678   0.237
 679  -0.110
 680   2.356
 681  -0.144
 682   1.042
 683   0.838
 684  -1.507
 685  -0.415
 686   1.715
 687  -1.109
 688  -0.523
 689   0.054
 690   1.346
 691   0.198
 692   0.265
 693   0.229
 694  -0.785
 695  -0.657
 696   1.707
 697  -0.070
 698  -0.241
 699   0.561
 700   0.094
 701   0.639
 702   0.324
 703   0.937
 704   2.569
 705   1.753
 706  -2.047
 707   0.306
 708   0.274
 709  -0.748
 710   0.009
 711  -0.169
 712   0.616
 713  -0.179
 714   0.042
 715  -0.550
 716   0.069
 717  -0.122
 718   0.895
 719  -1.338
 720  -1.724
 721  -0.066
 722  -1.910
 723  -1.409
 724   1.068
 725  -0.538
 726   0.010
 727   1.288
 728  -1.299
 729  -1.793
 730   1.298
 731  -0.964
 732   0.133
 733   0.289
 734   0.314
 735  -0.110
 736  -0.796
 737  -1.255
 738  -1.183
 739   0.608
 740   0.115
 741  -0.308
 742  -0.752
 743  -1.898
 744   0.461
 745   0.914
 746   0.671
 747  -0.242
 748   0.475
 749  -1.253
 750  -0.764
 751   0.195
 752  -1.496
 753   1.278
 754  -0.995
 755   0.694
 756  -0.312
 757   2.543
 758   0.356
 759  -1.112
 760   0.471
 761  -0.407
 762  -2.095
 763   0.787
 764  -0.073
 765  -0.253
 766  -0.613
 767   1.376
 768   0.094
 769  -0.099
 770   0.012
 771  -0.256
 772  -0.115
 773   0.161
 774  -1.088
 775   0.027
 776   1.032
 777   0.327
 778   3.203
 779  -2.458
 780   0.073
 781   0.407
 782   0.199
 783   0.639
 784  -0.347
 785   0.548
 786  -0.448
 787   0.195
 788  -1.970
 789  -0.158
 790  -0.831
 791  -0.840
 792   0.831
 793  -0.487
 794   0.665
 795   1.022
 796  -0.512
 797  -0.229
 798   0.679
 799   0.743
 800  -0.014
 801   1.174
 802  -2.000
 803   0.632
 804   1.498
 805  -0.941
 806  -0.693
 807   1.143
 808  -0.099
 809   0.403
 810  -0.424
 811  -1.011
 812  -0.453
 813   0.327
 814   0.687
 815   0.575
 816  -0.604
 817  -1.084
 818  -0.414
 819  -0.998
 820  -1.278
 821   0.411
 822  -2.573
 823   1.159
 824   1.922
 825  -0.498
 826  -0.509
 827   2.514
 828   1.123
 829   0.049
 830  -1.369
 831   0.280
 832   1.919
 833  -0.958
 834  -0.625
 835  -1.290
 836  -0.509
 837   0.791
 838  -0.521
 839  -0.195
 840   0.665
 841  -1.372
 842   0.051
 843   2.286
 844  -1.759
 845  -0.991
 846   0.126
 847  -0.077
 848   0.637
 849   0.548
 850   0.013
 851   0.462
 852  -0.665
 853  -0.430
 854   0.438
 855   0.015
 856  -1.437
 857  -0.461
 858   0.707
 859   0.178
 860   0.890
 861  -2.496
 862   0.777
 863   0.215
 864   0.763
 865  -0.208
 866  -0.547
 867  -0.089
 868  -0.391
 869   0.509
 870  -2.676
 871  -1.427
 872   0.042
 873  -0.357
 874  -1.032
 875  -2.318
 876   0.640
 877  -0.457
 878   0.664
 879  -0.229
 880  -0.523
 881   0.758
 882  -0.516
 883  -0.045
 884  -0.719
 885   0.493
 886   0.535
 887   1.452
 888   3.574
 889   0.389
 890  -0.345
 891   0.740
 892   0.452
 893   0.457
 894   0.565
 895  -0.030
 896   0.031
 897   0.263
 898   0.708
 899  -1.347
 900   0.062
 901   2.184
 902  -0.172
 903   0.996
 904   1.453
 905  -0.386
 906  -0.672
 907   0.238
 908   0.062
 909   0.460
 910  -0.656
 911   0.708
 912   0.483
 913   0.744
 914  -0.401
 915  -0.040
 916   1.033
 917   0.361
 918  -0.506
 919  -0.044
 920   1.049
 921   0.355
 922   0.653
 923  -0.882
 924   0.927
 925   0.711
 926  -0.515
 927  -0.623
 928   1.597
 929  -1.005
 930  -1.082
 931   1.691
 932  -0.466
 933  -0.319
 934   1.545
 935  -3.014
 936  -0.114
 937  -1.565
 938  -2.385
 939  -1.314
 940  -0.691
 941   0.641
 942   0.691
 943   0.508
 944   0.673
 945  -0.690
 946   1.317
 947   1.325
 948   2.141
 949   0.328
 950   0.203
 951  -1.330
 952  -1.156
 953   0.542
 954   0.224
 955   0.739
 956  -0.570
 957   0.780
 958  -0.449
 959   0.290
 960  -0.210
 961  -1.204
 962   0.992
 963   2.367
 964   0.242
 965   0.018
 966  -0.191
 967   0.254
 968  -0.859
 969   3.330
 970   3.062
 971   0.188
 972  -0.102
 973   0.605
 974  -0.594
 975  -1.076
 976   1.399
 977   0.914
 978  -0.891
 979   1.587
 980  -0.831
 981  -0.430
 982   1.781
 983   0.073
 984   0.333
 985  -0.242
 986   1.004
 987  -1.493
 988  -1.791
 989   0.730
 990   2.596
 991  -5.615
 992  -3.994
 993  -1.039
 994  -1.034
 995  -0.618
 996  -0.218
 997   0.508
 998  -0.102
 999   0.127
1000  -0.210
1001   0.287
1002  -0.723
1003  -0.761
1004   0.913
1005   1.623
1006   1.186
1007  -1.135
1008  -1.442
1009  -0.429
1010   0.299
1011   0.634
1012  -0.084
1013  -1.860
1014  -0.121
1015   0.394
1016   0.639
1017  -0.694
1018  -0.877
1019   0.819
1020   0.729
1021  -0.952
1022  -0.171
1023   1.158
1024  -1.590
1025  -0.612
1026   1.179
1027  -0.303
1028  -0.939
1029   2.014
1030  -1.306
1031   1.643
1032  -0.127
1033   1.028
1034  -1.060
1035   0.007
1036   2.064
1037   0.284
1038  -0.171
1039   0.534
1040   0.632
1041  -0.199
1042   0.800
1043   0.184
1044  -0.411
1045   0.587
1046  -1.312
1047   1.199
1048   1.327
1049  -2.804
1050  -0.032
1051  -0.688
1052  -0.121
1053  -0.227
1054   0.330
1055   0.804
1056   0.316
1057   1.742
1058   1.572
1059  -0.361
1060   0.477
1061  -0.037
1062   0.197
1063  -0.125
1064  -0.551
1065   0.987
1066  -0.669
1067   0.506
1068  -1.963
1069  -1.582
1070  -0.287
1071   2.900
1072  -0.203
1073   0.487
1074  -0.667
1075  -0.240
1076   1.200
1077   0.668
1078   0.611
1079  -0.443
1080  -0.576
1081  -0.812
1082   0.365
1083  -1.223
1084   0.155
1085  -0.122
1086  -0.266
1087  -0.847
1088   1.818
1089  -1.647
1090   0.877
1091   0.981
1092   0.248
1093   0.758
1094  -0.908
1095   0.481
1096   0.077
1097   0.018
1098   0.654
1099   0.829
1100  -1.213
1101   0.108
1102   0.711
1103  -0.976
1104  -0.208
1105  -0.110
1106  -0.272
1107  -0.815
1108   0.012
1109   2.409
1110   0.733
1111   0.777
1112  -2.880
1113  -0.179
1114  -0.240
1115  -1.235
1116  -0.514
1117   0.324
1118  -0.019
1119   1.355
1120  -0.625
1121  -0.508
1122  -1.173
1123  -1.076
1124  -0.303
1125  -1.743
1126   1.308
1127   0.297
1128   0.663
1129   0.030
1130   1.497
1131  -1.096
1132   0.644
1133   0.976
1134  -0.142
1135   0.717
1136  -0.450
1137  -0.462
1138   0.174
1139   1.464
1140  -1.162
1141   1.872
1142  -0.142
1143   1.405
1144   0.313
1145  -0.966
1146   0.764
1147   0.588
1148   0.272
1149   1.321
1150   0.230
1151   0.451
1152   1.944
1153  -0.120
1154  -0.869
1155  -0.011
1156  -1.007
1157   1.024
1158   0.880
1159  -0.396
1160  -0.764
1161  -0.341
1162   1.190
1163   0.535
1164  -2.942
1165  -3.437
1166  -0.209
1167  -0.563
1168   0.403
1169   0.302
1170   0.369
1171   0.135
1172  -0.948
1173  -1.451
1174  -2.383
1175   0.726
1176  -0.776
1177  -0.506
1178   1.929
1179   0.841
1180   0.962
1181   1.173
1182  -0.295
1183   0.351
1184   0.985
1185  -1.297
1186  -0.799
1187  -1.052
1188  -1.777
1189  -0.576
1190   0.799
1191   0.723
1192   0.256
1193  -2.316
1194   0.541
1195  -1.970
1196   1.383
1197   0.060
1198   1.278
1199   0.521
1200   0.393
1201   1.442
1202  -1.544
1203  -0.875
1204  -0.610
1205  -0.948
1206   0.114
1207  -0.574
1208   0.884
1209  -1.343
1210  -1.432
1211  -1.843
1212  -1.073
1213  -1.837
1214  -0.425
1215  -2.314
1216   2.486
1217   0.197
1218  -0.527
1219   0.015
1220   1.144
1221  -0.762
1222   1.919
1223   0.233
1224   0.343
1225   0.262
1226  -0.265
1227  -0.251
1228  -0.075
1229   0.033
1230  -0.023
1231   0.411
1232   0.756
1233  -1.008
1234  -0.521
1235   0.093
1236   0.316
1237  -0.494
1238   0.295
1239   0.889
1240   1.063
1241   2.936
1242  -0.921
1243   0.688
1244  -0.279
1245  -0.514
1246  -0.660
1247   0.118
1248   1.358
1249   0.834
1250   0.021
1251   1.395
1252   0.470
1253   0.280
1254  -0.698
1255   0.628
1256   0.078
1257   0.163
1258   0.883
1259  -0.496
1260   1.165
1261   0.352
1262  -0.142
1263  -1.126
1264   1.052
1265  -1.424
1266   0.919
1267   0.252
1268   0.843
1269  -0.329
1270  -0.377
1271   1.277
1272  -0.272
1273   0.616
1274   0.607
1275  -1.761
1276  -0.733
1277   1.431
1278  -0.806
1279   0.498
1280   0.073
1281   1.266
1282  -0.450
1283  -0.650
1284   1.643
1285   0.594
1286   0.649
1287  -1.420
1288  -0.471
1289   0.528
1290  -1.458
1291  -0.363
1292   0.787
1293   0.308
1294  -0.428
1295   2.652
1296   0.607
1297  -1.932
1298   0.531
1299  -2.092
1300  -0.557
1301   0.352
1302  -1.905
1303  -1.577
1304   0.197
1305  -0.397
1306  -0.454
1307   0.144
1308  -0.085
1309  -0.269
1310  -1.162
1311   0.129
1312   0.775
1313  -0.011
1314  -0.683
1315  -0.011
1316   0.532
1317  -1.095
1318  -2.708
1319   0.418
1320  -2.105
1321  -0.559
1322  -0.246
1323  -1.664
1324   1.488
1325   2.145
1326  -0.644
1327   1.484
1328   0.279
1329   0.359
1330  -0.077
1331  -0.973
1332   0.754
1333  -0.397
1334   0.948
1335   0.784
1336  -0.521
1337   1.703
1338   1.209
1339  -0.856
1340  -0.754
1341   0.388
1342  -0.966
1343   0.964
1344  -0.085
1345  -1.096
1346   0.900
1347  -0.408
1348   0.482
1349  -0.070
1350   1.477
1351   0.080
1352   0.084
1353  -0.782
1354  -1.724
1355  -0.650
1356  -0.890
1357   0.220
1358   0.127
1359   0.487
1360  -0.012
1361  -0.694
1362  -0.205
1363   0.955
1364   0.013
1365  -1.761
1366  -3.274
1367  -0.976
1368  -2.147
1369   0.874
1370  -0.616
1371   2.407
1372  -1.826
1373  -1.395
1374   0.962
1375  -2.974
1376  -0.375
1377   1.042
1378   1.067
1379  -0.401
1380   0.635
1381  -0.147
1382  -2.099
1383   0.320
1384  -0.616
1385   0.487
1386   0.779
1387   0.047
1388   0.084
1389   0.782
1390   1.094
1391   0.694
1392   0.613
1393   0.661
1394  -0.147
1395   0.057
1396   0.789
1397   1.352
1398  -0.652
1399  -0.433
1400  -0.635
1401  -0.315
1402   0.066
1403  -1.365
1404   0.284
1405  -0.528
1406   0.754
1407  -1.343
1408  -2.461
1409  -2.352
1410   0.962
1411   1.191
1412  -1.071
1413  -1.432
1414   0.861
1415   0.886
1416   0.830
1417   0.214
1418   0.272
1419  -1.395
1420  -0.101
1421  -0.636
1422   1.432
1423   0.416
1424   0.823
1425  -0.775
1426   0.197
1427  -0.793
1428  -0.249
1429  -0.946
1430  -0.208
1431   2.988
1432   2.304
1433   1.322
1434  -1.537
1435   1.422
1436  -1.950
1437  -0.369
1438  -0.877
1439  -0.495
1440  -0.279
1441   0.674
1442  -0.616
1443  -0.681
1444   0.218
1445   1.778
1446  -0.273
1447  -0.441
1448  -0.175
1449  -0.044
1450  -0.644
1451   0.351
1452  -0.613
1453   0.922
1454  -0.300
1455   1.451
1456   0.189
1457  -0.775
1458  -0.120
1459   1.803
1460  -1.355
1461   0.905
1462  -0.394
1463   0.220
1464  -0.592
1465   0.712
1466   0.474
1467  -0.379
1468   0.152
1469  -0.339
1470  -0.618
1471   0.473
1472   1.863
1473  -0.797
1474   0.806
1475  -0.903
1476  -1.581
1477   0.767
1478  -0.932
1479   0.946
1480  -0.901
1481  -0.159
1482  -0.408
1483  -0.418
1484  -1.655
1485  -0.639
1486  -0.729
1487  -0.738
1488  -2.754
1489  -0.139
1490  -0.796
1491   1.056
1492  -3.904
1493  -1.653
1494  -0.877
1495   3.072
1496  -0.782
1497  -0.399
1498  -1.414
1499   0.574
1500   0.701
1501  -0.332
1502  -0.292
1503  -0.767
1504   0.489
1505  -0.534
1506  -0.856
1507  -3.125
1508  -1.992
1509  -1.088
1510  -3.131
1511   1.316
1512   2.018
1513  -1.940
1514   0.760
1515  -1.616
1516  -1.684
1517  -4.052
1518   0.955
1519  -0.893
1520  -2.952
1521   0.562
1522  -2.224
1523   1.496
1524  -2.118
1525   0.796
1526  -0.939
1527  -0.792
1528   2.428
1529   0.950
1530   0.710
1531  -0.877
1532   0.258
1533   0.227
1534  -0.222
1535   1.539
1536  -0.564
1537   0.646
1538   0.363
1539   1.273
1540  -0.314
1541  -0.173
1542  -0.163
1543  -1.022
1544  -0.696
1545   2.312
1546  -0.903
1547  -0.107
1548   0.605
1549   0.629
1550   0.135
1551   0.107
1552   0.547
1553   1.361
1554  -0.488
1555  -1.761
1556   0.852
1557  -0.024
1558  -0.437
1559   0.140
1560   1.134
1561  -0.233
1562  -0.914
1563  -1.218
1564   0.227
1565  -0.193
1566   2.053
1567  -0.759
1568   0.759
1569  -0.440
1570   0.023
1571   0.798
1572   0.186
1573  -0.706
1574   0.271
1575   0.534
1576   0.703
1577   1.224
1578  -0.088
1579   2.689
1580   0.808
1581  -0.605
1582  -1.530
1583  -2.397
1584   0.500
1585  -0.015
1586   0.581
1587  -0.801
1588   0.160
1589  -0.543
1590   0.248
1591   0.163
1592  -1.344
1593   0.410
1594  -0.979
1595   0.480
1596   0.284
1597  -0.678
1598   0.268
1599   0.232
1600  -0.903
1601  -0.076
1602  -1.440
1603   1.035
1604   0.007
1605   1.213
1606   0.443
1607  -0.286
1608  -0.663
1609  -0.948
1610   1.949
1611  -0.854
1612   0.073
1613  -0.227
1614   0.566
1615  -0.478
1616   0.468
1617  -1.989
1618   0.193
1619   0.162
1620   1.113
1621   0.352
1622  -0.204
1623  -0.206
1624   1.047
1625   0.461
1626  -0.922
1627  -1.097
1628   0.207
1629  -0.643
1630  -0.231
1631  -0.549
1632  -0.796
1633  -0.410
1634   1.534
1635  -1.568
1636  -1.002
1637  -0.331
1638   1.243
1639  -0.910
1640  -0.602
1641  -0.302
1642  -0.104
1643  -0.044
1644  -1.322
1645  -0.328
1646  -1.437
1647  -0.148
1648  -0.374
1649  -0.640
1650   2.443
1651  -0.015
1652  -0.837
1653  -1.115
1654  -1.284
1655  -1.588
1656  -0.094
1657   0.460
1658   1.004
1659  -1.444
1660   0.078
1661  -1.731
1662  -0.212
1663   1.138
1664  -0.489
1665   0.163
1666   2.730
1667  -0.658
1668  -0.136
1669  -0.528
1670  -0.094
1671   0.435
1672  -0.530
1673  -0.984
1674   0.437
1675  -0.875
1676   2.668
1677  -0.900
1678  -1.009
1679  -0.712
1680  -1.793
1681   1.794
1682  -0.408
1683   1.701
1684  -0.659
1685  -0.219
1686  -0.069
1687  -0.478
1688   5.390
1689  -0.052
1690  -0.294
1691  -0.931
1692   0.688
1693   1.728
1694   0.382
1695  -1.026
1696   0.146
1697  -0.369
1698   1.869
1699   1.808
1700  -0.720
1701  -0.413
1702  -1.325
1703   0.263
1704   0.966
1705   0.185
1706   1.045
1707  -0.508
1708   0.936
1709   0.361
1710   0.808
1711  -0.144
1712  -1.139
1713   0.582
1714   0.483
1715  -0.166
1716  -0.600
1717  -0.607
1718  -0.589
1719   0.473
1720  -0.158
1721   0.138
1722  -0.481
1723   0.358
1724  -0.387
1725   0.304
1726   2.268
1727   1.033
1728   0.332
1729   0.450
1730   1.294
1731   0.899
1732   0.481
1733   1.746
1734  -2.048
1735   0.726
1736   0.543
1737  -1.162
1738  -0.543
1739  -0.454
1740  -0.937
1741  -0.458
1742   0.668
1743  -1.186
1744   0.077
1745   0.707
1746   1.844
1747   0.778
1748   1.426
1749   1.741
1750  -1.086
1751   0.355
1752  -0.963
1753   0.551
1754   1.160
1755   0.632
1756  -0.605
1757   0.271
1758   1.571
1759   0.559
1760   1.277
1761  -0.672
1762  -1.060
1763   1.511
1764  -0.227
1765   0.324
1766   1.648
1767   1.531
1768  -0.039
1769  -0.624
1770   1.183
1771  -0.300
1772   0.460
1773  -1.033
1774  -0.903
1775   0.178
1776  -1.835
1777  -0.227
1778  -0.439
1779  -0.551
1780   0.864
1781  -0.125
1782   1.280
1783  -0.242
1784  -0.583
1785  -0.752
1786   1.313
1787  -0.767
1788  -0.132
1789   0.218
1790  -0.541
1791  -0.126
1792  -0.379
1793   0.230
1794   1.836
1795  -0.323
1796  -0.322
1797  -0.193
1798  -1.340
1799   0.773
1800  -0.826
1801   0.326
1802   0.127
1803   0.875
1804   2.113
1805   0.864
1806  -1.829
1807   1.509
1808   0.328
1809   1.646
1810   0.494
1811   0.782
1812   0.138
1813  -1.738
1814  -0.473
1815  -0.672
1816   1.425
1817   1.279
1818  -1.472
1819  -1.187
1820  -0.125
1821   0.069
1822   0.608
1823  -1.236
1824   0.608
1825  -0.350
1826  -0.184
1827   2.163
1828   0.411
1829   0.213
1830   0.253
1831  -0.393
1832   1.017
1833   0.508
1834   0.102
1835  -0.614
1836  -0.102
1837   2.431
1838  -0.207
1839  -1.988
1840  -1.471
1841   1.984
1842   0.903
1843   0.366
1844   0.208
1845   0.120
1846  -1.326
1847  -0.339
1848   0.380
1849   0.159
1850  -0.080
1851  -1.722
1852  -0.897
1853  -0.246
1854   1.040
1855  -0.060
1856  -0.299
1857  -1.341
1858  -0.616
1859  -1.674
1860  -1.977
1861   0.601
1862   1.674
1863  -0.559
1864  -0.062
1865   1.378
1866  -0.577
1867   0.366
1868   0.701
1869  -1.263
1870   0.011
1871   0.590
1872  -1.345
1873   0.344
1874   0.661
1875  -0.689
1876   1.086
1877   0.175
1878  -1.086
1879  -0.610
1880  -0.927
1881  -0.454
1882  -1.340
1883  -2.037
1884   0.011
1885   2.483
1886   0.426
1887   0.098
1888  -0.776
1889   1.061
1890  -0.626
1891  -0.634
1892  -0.793
1893   1.474
1894  -0.218
1895  -0.350
1896  -0.584
1897   0.042
1898  -0.127
1899   1.723
1900  -0.908
1901   2.036
1902  -0.609
1903  -0.713
1904  -1.529
1905  -0.049
1906   1.684
1907   1.853
1908   0.463
1909   1.624
1910   0.546
1911  -0.035
1912  -0.920
1913   1.963
1914   0.612
1915  -0.079
1916  -0.952
1917   0.139
1918   1.305
1919  -0.547
1920  -0.270
1921  -0.153
1922   0.874
1923   0.574
1924  -0.029
1925   0.906
1926   0.349
1927  -1.215
1928   0.438
1929   1.302
1930   1.474
1931  -1.571
1932   0.161
1933   0.151
1934   1.143
1935  -0.743
1936  -0.870
1937   0.453
1938   0.603
1939   0.721
1940   0.681
1941  -2.183
1942   0.121
1943  -0.459
1944   0.546
1945   0.674
1946  -0.765
1947  -0.728
1948  -3.243
1949   0.754
1950   1.511
1951   0.301
1952  -2.017
1953   0.277
1954  -1.477
1955  -0.040
1956   1.295
1957  -0.317
1958   0.588
1959   0.612
1960   0.167
1961   0.142
1962   0.368
1963  -1.323
1964  -0.086
1965  -0.266
1966   0.102
1967  -1.456
1968  -0.921
1969   1.516
1970   0.514
1971   0.030
1972   0.908
1973  -0.214
1974  -0.618
1975  -0.435
1976   0.463
1977   2.834
1978   2.388
1979   0.678
1980   1.351
1981   0.448
1982  -0.345
1983   2.302
1984  -0.151
1985  -0.356
1986   0.915
1987   0.918
1988   0.021
1989   0.120
1990  -0.862
1991   0.520
1992   1.690
1993  -0.552
1994   0.736
1995   0.127
1996   0.517
1997   3.873
1998  -0.111
1999  -0.524
2000   1.021
2001   0.537
2002  -1.219
2003  -0.703
2004  -0.452
2005   1.247
2006  -0.720
2007  -0.618
2008   0.239
2009  -0.074
2010  -0.577
2011  -0.634
2012   0.236
2013  -0.761
2014   1.546
2015   0.410
2016   0.552
2017   1.039
2018   0.362
2019   2.272
2020   1.872
2021   0.376
2022  -2.954
2023   1.255
2024  -0.221
2025  -1.602
2026  -2.423
2027  -0.139
2028   1.025
2029  -0.143
2030   1.730
2031  -0.161
2032   0.609
2033   0.110
2034   0.840
2035  -1.138
2036  -0.204
2037   0.693
2038  -0.605
2039   0.286
2040   0.021
2041  -0.233
2042   0.522
2043   0.826
2044   1.092
2045  -1.702
2046   0.983
2047   0.631
2048   0.551
2049   0.406
2050  -0.463
2051   0.126
2052  -0.551
2053  -1.192
2054  -1.937
2055   0.020
2056   1.487
2057   1.494
2058  -1.054
2059   0.673
2060   0.969
2061   1.969
2062  -0.647
2063   0.685
2064  -3.713
2065   0.242
2066   0.725
2067  -0.205
2068   1.144
2069   0.861
2070   0.493
2071  -0.644
2072   0.208
2073   0.320
2074   0.941
2075   0.219
2076   0.856
2077   0.157
2078   0.461
2079  -0.806
2080   0.903
2081  -0.084
2082   0.754
2083  -0.124
2084   2.382
2085   0.528
2086  -1.016
2087  -0.819
2088  -2.160
2089   0.105
2090  -0.536
2091  -1.652
2092  -2.457
2093   2.279
2094  -1.380
2095  -1.001
2096   0.625
2097   0.812
2098   0.966
2099  -1.224
2100  -0.886
2101   0.739
2102  -1.091
2103  -0.597
2104   1.112
2105   0.053
2106  -0.178
2107  -0.487
2108   0.154
2109  -0.810
2110   0.647
2111   0.749
2112   1.073
2113   0.445
2114  -0.711
2115  -0.340
2116   1.567
2117  -0.175
2118   0.920
2119   0.524
2120   2.179
2121  -1.025
2122  -0.183
2123  -1.312
2124  -1.792
2125   0.531
2126   0.220
2127   0.745
2128   0.404
2129   0.769
2130   0.370
2131  -0.801
2132  -0.438
2133   0.363
2134   1.110
2135  -0.158
2136  -0.036
2137   2.097
2138   0.278
2139   0.257
2140  -0.579
2141   1.138
2142  -1.793
2143  -0.336
2144  -0.847
2145   0.905
2146  -0.315
2147  -0.420
2148   0.426
2149   0.918
2150   0.598
2151  -1.279
2152   1.274
2153  -1.439
2154  -0.805
2155  -0.005
2156  -0.426
2157  -0.880
2158  -0.218
2159  -2.908
2160  -0.969
2161   0.940
2162   1.713
2163  -0.090
2164  -0.656
2165   2.363
2166   1.402
2167   1.480
2168   1.144
2169  -0.370
2170  -0.836
2171  -0.311
2172   0.170
2173   1.413
2174  -1.013
2175   0.583
2176   0.069
2177   1.203
2178   0.055
2179   0.753
2180   0.298
2181  -0.304
2182   0.560
2183   0.188
2184   1.379
2185   0.049
2186   0.466
2187  -1.019
2188   0.707
2189   0.539
2190   0.614
2191   0.175
2192  -2.569
2193   0.727
2194   1.468
2195  -0.228
2196   0.315
2197  -0.529
2198   0.068
2199  -0.476
2200  -0.515
2201   1.580
2202  -0.260
2203  -0.191
2204  -1.724
2205   0.361
2206   0.414
2207  -0.262
2208  -0.489
2209  -1.655
2210  -1.598
2211  -0.120
2212   0.425
2213  -0.508
2214   1.414
2215   0.596
2216  -0.425
2217  -0.580
2218  -0.445
2219   0.300
2220   0.921
2221   0.855
2222  -1.418
2223   1.763
2224   0.883
2225  -0.991
2226   0.483
2227   0.610
2228  -2.185
2229   0.159
2230   1.287
2231   0.661
2232  -1.069
2233   0.900
2234   0.667
2235   1.003
2236  -0.034
2237  -0.115
2238  -1.302
2239   0.387
2240   1.156
2241  -0.314
2242   0.591
2243  -0.354
2244   2.822
2245  -1.000
2246  -1.017
2247   1.181
2248  -0.626
2249  -1.711
2250   0.359
2251  -0.093
2252   1.644
2253  -0.476
2254   0.218
2255   2.307
2256  -0.598
2257  -0.579
2258  -0.156
2259  -0.159
2260  -2.213
2261  -0.049
2262  -0.676
2263   0.503
2264   0.005
2265  -0.098
2266  -0.333
2267   0.538
2268   0.292
2269   0.848
2270   0.565
2271  -1.289
2272  -0.927
2273  -0.514
2274  -0.870
2275  -0.768
2276   0.267
2277  -3.668
2278  -0.302
2279  -0.645
2280   1.500
2281   2.449
2282  -1.078
2283  -0.559
2284   0.056
2285   1.083
2286   0.650
2287   0.851
2288   0.255
2289   0.087
2290   3.068
2291  -0.430
2292   0.728
2293  -0.743
2294  -0.207
2295   0.318
2296  -0.047
2297   0.232
2298   0.125
2299  -0.634
2300   1.121
2301  -0.175
2302  -0.460
2303   0.193
2304   1.200
2305  -0.858
2306  -0.584
2307   0.725
2308   0.819
2309  -2.070
2310  -2.293
2311  -0.974
2312  -0.910
2313   1.232
2314   0.208
2315   0.016
2316  -0.666
2317  -0.989
2318  -0.006
2319  -0.366
2320  -1.397
2321   1.225
2322   0.523
2323   0.251
2324  -0.695
2325   0.822
2326   0.711
2327  -1.081
2328  -0.413
2329  -0.538
2330  -1.137
2331   0.768
2332   1.474
2333  -0.266
2334   0.521
2335   1.496
2336  -0.197
2337  -0.494
2338  -0.632
2339   0.013
2340  -0.842
2341   0.509
2342  -0.559
2343  -1.690
2344   0.786
2345  -0.406
2346  -0.675
2347   1.365
2348   0.175
2349   0.598
2350   0.954
2351   0.424
2352   0.155
2353  -0.416
2354  -3.198
2355   0.154
2356   1.039
2357   0.815
2358   0.344
2359  -1.350
2360  -2.415
2361   0.266
2362  -0.286
2363   0.461
2364   1.235
2365   0.307
2366   1.102
2367   0.100
2368  -0.393
2369   0.229
2370  -0.931
2371   2.184
2372  -0.368
2373  -0.835
2374   1.221
2375   0.187
2376  -0.140
2377   0.362
2378   1.319
2379   0.376
2380   1.202
2381   0.059
2382  -2.607
2383  -1.122
2384   1.232
2385   1.008
2386  -0.769
2387  -0.374
2388  -0.559
2389  -0.501
2390   1.257
2391   0.561
2392   0.421
2393   0.716
2394   0.217
2395   1.550
2396   0.007
2397   0.635
2398  -0.380
2399   1.191
2400  -0.970
2401   2.381
2402  -0.625
2403   1.321
2404  -1.081
2405   0.541
2406  -0.183
2407  -0.583
2408  -1.094
2409   0.118
2410   0.869
2411   0.111
2412   2.529
2413  -0.407
2414  -1.109
2415  -1.108
2416   0.119
2417  -2.760
2418  -1.293
2419  -1.009
2420   2.011
2421  -0.230
2422  -2.063
2423  -0.010
2424   1.659
2425   0.035
2426   0.681
2427   0.765
2428   0.031
2429  -0.940
2430  -0.845
2431  -0.530
2432   0.103
2433  -0.550
2434  -1.213
2435   0.187
2436  -0.019
2437  -0.134
2438   2.302
2439  -0.737
2440  -1.124
2441  -0.949
2442  -0.707
2443   0.018
2444   0.489
2445   0.701
2446  -0.365
2447  -0.401
2448  -0.814
2449   1.801
2450  -0.309
2451  -0.027
2452  -0.302
2453   0.398
2454  -0.450
2455  -0.049
2456  -1.286
2457   0.318
2458   0.206
2459  -0.487
2460  -1.838
2461  -1.077
2462  -0.600
2463   0.938
2464   0.060
2465  -1.424
2466   0.763
2467   2.425
2468  -0.520
2469   0.604
2470   1.024
2471  -1.362
2472   0.349
2473   0.147
2474   0.197
2475  -0.383
2476  -1.243
2477  -0.189
2478   2.041
2479   0.685
2480  -0.675
2481   0.245
2482  -1.432
2483  -1.011
2484  -0.840
2485  -0.016
2486   1.115
2487  -1.843
2488  -0.566
2489  -0.155
2490   0.129
2491  -0.117
2492   0.969
2493   1.559
2494   2.178
2495   0.627
2496   0.101
2497   1.362
2498  -1.513
2499  -0.303
2500  -0.318
2501  -0.334
2502   0.592
2503  -0.024
2504   1.466
2505  -1.729
2506   1.071
2507  -1.306
2508  -0.380
2509   2.118
2510   0.007
2511  -0.694
2512   1.432
2513  -0.060
2514  -0.618
2515   0.288
2516  -0.163
2517   0.228
2518   0.163
2519   1.028
2520  -1.200
2521   1.003
2522   0.917
2523   0.457
2524   0.806
2525   0.532
2526  -0.549
2527   1.009
2528   1.677
2529  -0.162
2530   0.797
2531   0.631
2532  -0.085
2533   0.418
2534   0.010
2535   1.036
2536  -0.785
2537   1.145
2538   1.152
2539   0.647
